variation000000 4260 6470 6512 
variation000001 30388 14493 9981 
variation000010 103924 12631 14306 
variation000011 107068 18983 15059 
variation000100 4312 5295 5383 
variation000101 28248 13143 10077 
variation000110 102600 12604 12057 
variation000111 105120 13312 12715 
variation001000 10252 9254 9462 
variation001001 33900 9099 9040 
variation001010 102368 12652 11872 
variation001011 114188 19896 33718 
variation001100 10004 8350 8406 
variation001101 34240 14297 24033 
variation001110 106108 15609 32483 
variation001111 114096 14167 13633 
variation010000 645972 151200 145570 
variation010001 664252 131680 124830 
variation010010 657656 123844 126353 
variation010011 660520 134952 126535 
variation010100 641924 157209 152772 
variation010101 665060 130822 124442 
variation010110 666084 141196 136113 
variation010111 663436 134133 128599 
variation011000 637528 207855 206210 
variation011001 659384 138653 131282 
variation011010 657936 142703 127617 
variation011011 671072 127399 119460 
variation011100 640632 203949 185653 
variation011101 667488 145054 143152 
variation011110 661540 133291 120445 
variation011111 654032 119319 115260 
variation100000 610992 154285 153010 
variation100001 608476 171792 171028 
variation100010 646900 173339 166468 
variation100011 658900 181474 181183 
variation100100 572760 154722 152397 
variation100101 595272 192700 185385 
variation100110 649188 178147 171867 
variation100111 657200 197459 182044 
variation101000 569524 155761 151878 
variation101001 600700 181221 177043 
variation101010 644032 165348 168952 
variation101011 651924 140305 134525 
variation101100 578924 146314 144888 
variation101101 601876 175081 171127 
variation101110 650056 184035 179970 
variation101111 657488 143374 159075 
variation110000 21016 5958 6106 
variation110001 32376 8224 7679 
variation110010 9040 6292 8771 
variation110011 4596 7946 8254 
variation110100 20780 7137 7126 
variation110101 32188 6569 7886 
variation110110 9276 11492 12161 
variation110111 4772 6852 6900 
variation111000 19972 5820 5817 
variation111001 30292 7307 7038 
variation111010 7716 4847 4822 
variation111011 2896 5500 5464 
variation111100 18804 5186 5160 
variation111101 31132 6866 16665 
variation111110 7248 11160 11387 
variation111111 3036 5268 5281 
