variation0000000000  184    223   226
variation0000000001  1792   494   444
variation0000000010  592    297   274
variation0000000011  2184   397   360
variation0000000100  3332   753   641
variation0000000101  4944   815   609
variation0000000110  3908   820   710
variation0000000111  5100   902   765
variation0000001000  404    238   234
variation0000001001  1860   342   309
variation0000001010  568    270   256
variation0000001011  2152   378   335
variation0000001100  3728   631   552
variation0000001101  4840   709   560
variation0000001110  3924   657   579
variation0000001111  4856   677   565
variation0000010000  236    379   347
variation0000010001  1800   451   420
variation0000010010  616    289   279
variation0000010011  2212   413   378
variation0000010100  3412   647   568
variation0000010101  4984   709   700
variation0000010110  3904   751   658
variation0000010111  5548   983   784
variation0000011000  424    240   243
variation0000011001  1880   338   317
variation0000011010  556    271   258
variation0000011011  2248   363   329
variation0000011100  3672   538   465
variation0000011101  4772   647   589
variation0000011110  3964   588   492
variation0000011111  4964   714   591
variation0000100000  6240   1102  942
variation0000100001  7728   1292  1090
variation0000100010  8084   1201  989
variation0000100011  7696   1266  1022
variation0000100100  7760   1467  1338
variation0000100101  8344   1558  1364
variation0000100110  8080   1609  1477
variation0000100111  9208   1660  1490
variation0000101000  6452   1094  922
variation0000101001  7144   1099  998
variation0000101010  6736   1168  970
variation0000101011  8084   1225  1046
variation0000101100  7832   1480  1277
variation0000101101  8816   1479  1247
variation0000101110  7848   1456  1278
variation0000101111  8992   1459  1315
variation0000110000  6876   1247  1058
variation0000110001  7512   1249  1116
variation0000110010  6848   1216  1102
variation0000110011  7796   1261  1143
variation0000110100  7548   1507  1331
variation0000110101  8816   1645  1302
variation0000110110  8280   1695  1483
variation0000110111  9560   1793  1510
variation0000111000  6800   1081  967
variation0000111001  7424   1191  1003
variation0000111010  7028   1146  1040
variation0000111011  7664   1175  1016
variation0000111100  7968   1356  1198
variation0000111101  8760   1444  1189
variation0000111110  8352   1549  1288
variation0000111111  9592   1544  1320
variation0001000000  760    410   386
variation0001000001  1020   491   446
variation0001000010  1320   303   303
variation0001000011  1416   371   360
variation0001000100  4320   786   673
variation0001000101  4040   811   657
variation0001000110  4516   918   736
variation0001000111  4564   912   737
variation0001001000  988    282   274
variation0001001001  1056   325   293
variation0001001010  1232   311   296
variation0001001011  1328   338   336
variation0001001100  4356   657   570
variation0001001101  4044   622   587
variation0001001110  4396   708   609
variation0001001111  4200   652   588
variation0001010000  772    426   419
variation0001010001  1072   492   456
variation0001010010  1236   332   310
variation0001010011  1476   428   393
variation0001010100  3992   720   616
variation0001010101  4056   810   663
variation0001010110  4292   827   704
variation0001010111  4308   884   710
variation0001011000  944    298   290
variation0001011001  1148   345   321
variation0001011010  1364   302   301
variation0001011011  1284   344   316
variation0001011100  4056   615   529
variation0001011101  3856   656   563
variation0001011110  4244   694   565
variation0001011111  4464   676   580
variation0001100000  7208   1217  1026
variation0001100001  6340   1258  1082
variation0001100010  7736   1232  1083
variation0001100011  6980   1181  1041
variation0001100100  8368   1550  1370
variation0001100101  8576   1578  1397
variation0001100110  9732   1653  1415
variation0001100111  9596   1685  1553
variation0001101000  7520   1133  989
variation0001101001  6488   1056  955
variation0001101010  7016   1233  1041
variation0001101011  6868   1162  1059
variation0001101100  8380   1406  1225
variation0001101101  7548   1361  1268
variation0001101110  8580   1544  1397
variation0001101111  7948   1488  1249
variation0001110000  7624   1282  1124
variation0001110001  6256   1285  1152
variation0001110010  7584   1214  1057
variation0001110011  6632   1239  1117
variation0001110100  8552   1554  1363
variation0001110101  7844   1597  1341
variation0001110110  8944   1707  2457
variation0001110111  10096  1894  1643
variation0001111000  7332   1283  995
variation0001111001  6600   1101  972
variation0001111010  7472   1304  1097
variation0001111011  6756   1238  1094
variation0001111100  8620   1512  1358
variation0001111101  8652   1499  1329
variation0001111110  9128   1560  1458
variation0001111111  9236   1588  1294
variation0010000000  2640   501   473
variation0010000001  4716   627   529
variation0010000010  3116   763   689
variation0010000011  4732   888   808
variation0010000100  5944   864   674
variation0010000101  7176   1136  845
variation0010000110  5984   1008  804
variation0010000111  7668   1110  850
variation0010001000  2896   528   485
variation0010001001  4252   559   503
variation0010001010  3032   590   515
variation0010001011  4816   626   564
variation0010001100  5996   963   770
variation0010001101  7116   1045  838
variation0010001110  6640   975   768
variation0010001111  7164   1088  884
variation0010010000  2856   528   499
variation0010010001  5184   592   525
variation0010010010  2928   751   692
variation0010010011  4956   861   778
variation0010010100  5520   1231  734
variation0010010101  6852   1095  839
variation0010010110  5944   1016  793
variation0010010111  7256   1189  913
variation0010011000  2688   544   508
variation0010011001  4260   582   572
variation0010011010  3272   574   526
variation0010011011  4704   608   545
variation0010011100  5904   901   736
variation0010011101  6604   1065  752
variation0010011110  5984   1083  845
variation0010011111  7404   1085  814
variation0010100000  8144   1447  1224
variation0010100001  8948   1584  1182
variation0010100010  8512   1625  1384
variation0010100011  10344  1735  1409
variation0010100100  9740   1583  1273
variation0010100101  9696   1818  1438
variation0010100110  10164  1748  1514
variation0010100111  10620  1775  1471
variation0010101000  7492   1388  1160
variation0010101001  8188   1469  1176
variation0010101010  8352   1455  1229
variation0010101011  8484   1495  1199
variation0010101100  8924   1731  1544
variation0010101101  9560   1656  1302
variation0010101110  9268   1713  1525
variation0010101111  9936   1759  1444
variation0010110000  8412   1380  1161
variation0010110001  8608   1576  1247
variation0010110010  8232   1548  1377
variation0010110011  8780   1842  1452
variation0010110100  8932   1591  1345
variation0010110101  10232  1794  1468
variation0010110110  9856   1745  1510
variation0010110111  9792   1804  1547
variation0010111000  7592   1387  1150
variation0010111001  8248   1521  1194
variation0010111010  8520   1431  1196
variation0010111011  8504   1443  1186
variation0010111100  9868   1698  1500
variation0010111101  10080  1697  1470
variation0010111110  9348   1774  1609
variation0010111111  10440  1768  1452
variation0011000000  3432   651   610
variation0011000001  3616   776   661
variation0011000010  3608   762   703
variation0011000011  3832   815   729
variation0011000100  6220   1032  842
variation0011000101  6252   1163  915
variation0011000110  6576   1036  788
variation0011000111  6508   1172  942
variation0011001000  3328   545   516
variation0011001001  3548   610   523
variation0011001010  3684   567   526
variation0011001011  3664   632   569
variation0011001100  6296   961   805
variation0011001101  6352   1012  776
variation0011001110  6732   1094  796
variation0011001111  6488   1070  835
variation0011010000  3288   652   628
variation0011010001  3452   808   639
variation0011010010  3632   755   696
variation0011010011  3752   844   720
variation0011010100  6236   1075  836
variation0011010101  6160   1156  879
variation0011010110  6840   1002  813
variation0011010111  6504   1127  916
variation0011011000  3432   561   488
variation0011011001  3784   583   504
variation0011011010  3508   584   560
variation0011011011  3808   630   540
variation0011011100  6132   937   798
variation0011011101  6448   1004  836
variation0011011110  6632   1038  849
variation0011011111  6596   1038  864
variation0011100000  8116   1497  1230
variation0011100001  9016   1506  1209
variation0011100010  8696   1577  1388
variation0011100011  8724   1671  1422
variation0011100100  10112  1696  1408
variation0011100101  9784   1689  1419
variation0011100110  10536  1759  1453
variation0011100111  9428   1758  1439
variation0011101000  8312   1361  1152
variation0011101001  7792   1328  1145
variation0011101010  8208   1478  1230
variation0011101011  8232   1508  1236
variation0011101100  9492   1664  1397
variation0011101101  8516   1660  1433
variation0011101110  10752  1683  1427
variation0011101111  9772   1689  1404
variation0011110000  8356   1433  1232
variation0011110001  8124   1454  1163
variation0011110010  9172   1599  1375
variation0011110011  8256   1771  1415
variation0011110100  9748   1659  1347
variation0011110101  9132   1619  1326
variation0011110110  9820   1737  1384
variation0011110111  9524   1784  1483
variation0011111000  9012   1425  1199
variation0011111001  8040   1392  1185
variation0011111010  8892   1480  1288
variation0011111011  8452   1435  1175
variation0011111100  9960   1637  1494
variation0011111101  9404   1654  1347
variation0011111110  10292  1762  1574
variation0011111111  9084   1749  1404
variation0100000000  8720   1784  1582
variation0100000001  9652   1824  1636
variation0100000010  8492   1733  1550
variation0100000011  9580   1821  1608
variation0100000100  8332   1777  1537
variation0100000101  9660   1884  1572
variation0100000110  8248   1460  1311
variation0100000111  8448   1566  1331
variation0100001000  10692  1781  1692
variation0100001001  11248  1753  1482
variation0100001010  9184   1574  1488
variation0100001011  9404   1735  1458
variation0100001100  8424   1641  1391
variation0100001101  9380   1592  1352
variation0100001110  8164   1411  1264
variation0100001111  8732   1449  1355
variation0100010000  10284  2039  1850
variation0100010001  9932   1890  1714
variation0100010010  9356   1825  1603
variation0100010011  9552   1878  1480
variation0100010100  7864   1727  1469
variation0100010101  9156   1651  1463
variation0100010110  7776   1427  1234
variation0100010111  8452   1416  1256
variation0100011000  9556   1912  1775
variation0100011001  10648  1921  1682
variation0100011010  9188   1621  1513
variation0100011011  9800   1610  1466
variation0100011100  9540   1604  1406
variation0100011101  8812   1601  1401
variation0100011110  7808   1461  1283
variation0100011111  8440   1401  1241
variation0100100000  6548   1226  1093
variation0100100001  6532   1193  1001
variation0100100010  6616   1145  905
variation0100100011  6096   1071  846
variation0100100100  3732   864   732
variation0100100101  3868   854   802
variation0100100110  3624   696   610
variation0100100111  3488   647   571
variation0100101000  6408   1147  959
variation0100101001  6868   1028  884
variation0100101010  6148   968   932
variation0100101011  5956   948   775
variation0100101100  4000   719   679
variation0100101101  3852   666   629
variation0100101110  3780   711   590
variation0100101111  3636   604   565
variation0100110000  7688   1389  1245
variation0100110001  7412   1221  1107
variation0100110010  7132   1188  997
variation0100110011  6488   1176  899
variation0100110100  4532   824   841
variation0100110101  4788   915   851
variation0100110110  4208   749   634
variation0100110111  4212   623   613
variation0100111000  7412   1080  954
variation0100111001  6240   956   850
variation0100111010  5696   910   828
variation0100111011  5664   814   726
variation0100111100  3888   724   643
variation0100111101  3832   644   563
variation0100111110  3492   653   558
variation0100111111  3444   532   472
variation0101000000  9776   1631  1467
variation0101000001  9300   1652  1488
variation0101000010  9448   1713  1559
variation0101000011  8920   1722  1388
variation0101000100  8392   1435  1305
variation0101000101  8148   1559  1323
variation0101000110  8408   1423  1207
variation0101000111  8428   1398  1203
variation0101001000  9200   1666  1535
variation0101001001  8864   1631  1508
variation0101001010  9936   1706  1485
variation0101001011  8624   1526  1371
variation0101001100  8680   1543  1419
variation0101001101  7824   1583  1404
variation0101001110  9116   1575  1443
variation0101001111  8024   1371  1189
variation0101010000  10892  1720  1738
variation0101010001  9948   1731  1797
variation0101010010  10544  1846  1803
variation0101010011  9408   1824  1446
variation0101010100  9532   1901  1469
variation0101010101  8504   1555  1517
variation0101010110  9548   1448  1245
variation0101010111  7496   1474  1311
variation0101011000  9704   1831  1594
variation0101011001  9356   1749  1634
variation0101011010  10020  1658  1555
variation0101011011  8940   1541  1406
variation0101011100  9168   1670  1556
variation0101011101  8272   1647  1405
variation0101011110  8984   1548  1304
variation0101011111  8080   1444  1297
variation0101100000  7068   1157  1004
variation0101100001  6100   971   802
variation0101100010  6828   1185  905
variation0101100011  5656   1043  824
variation0101100100  4560   703   620
variation0101100101  3384   608   532
variation0101100110  4184   673   631
variation0101100111  3144   579   540
variation0101101000  7084   1152  1008
variation0101101001  5716   943   809
variation0101101010  6876   1016  892
variation0101101011  5156   827   704
variation0101101100  4940   756   671
variation0101101101  3324   619   547
variation0101101110  4368   691   593
variation0101101111  2700   495   470
variation0101110000  7200   1081  961
variation0101110001  5700   946   808
variation0101110010  6556   1137  968
variation0101110011  5624   1029  716
variation0101110100  4500   674   623
variation0101110101  3028   601   547
variation0101110110  4392   663   585
variation0101110111  3028   574   509
variation0101111000  7004   1119  1018
variation0101111001  5744   1038  901
variation0101111010  6668   978   919
variation0101111011  5904   787   662
variation0101111100  4612   769   710
variation0101111101  2936   595   550
variation0101111110  4352   681   611
variation0101111111  2732   502   470
variation0110000000  8440   1739  1556
variation0110000001  9104   1814  1632
variation0110000010  7972   1536  1313
variation0110000011  8820   1514  1351
variation0110000100  7060   1510  1292
variation0110000101  7528   1581  1290
variation0110000110  7368   1276  1092
variation0110000111  7904   1300  1112
variation0110001000  8524   1560  1410
variation0110001001  9184   1642  1413
variation0110001010  8176   1527  1415
variation0110001011  8848   1475  1285
variation0110001100  7640   1390  1169
variation0110001101  8184   1397  1221
variation0110001110  7172   1263  1040
variation0110001111  7480   1246  1041
variation0110010000  8640   1667  1529
variation0110010001  9196   1736  1528
variation0110010010  7900   1431  1285
variation0110010011  8828   1491  1345
variation0110010100  7256   1543  1284
variation0110010101  8184   1561  1292
variation0110010110  7440   1245  1064
variation0110010111  7540   1318  1125
variation0110011000  8468   1588  1449
variation0110011001  9480   1565  1438
variation0110011010  7868   1412  1324
variation0110011011  8612   1414  1287
variation0110011100  7120   1398  1180
variation0110011101  8524   1395  1208
variation0110011110  7312   1246  1051
variation0110011111  7404   1242  1039
variation0110100000  4544   960   813
variation0110100001  4856   952   807
variation0110100010  4292   717   628
variation0110100011  4444   728   637
variation0110100100  1676   604   551
variation0110100101  1784   591   549
variation0110100110  1392   418   385
variation0110100111  1476   378   371
variation0110101000  4676   799   700
variation0110101001  4600   756   635
variation0110101010  4032   712   673
variation0110101011  4184   683   574
variation0110101100  1740   486   514
variation0110101101  1864   421   390
variation0110101110  1408   396   373
variation0110101111  1288   341   316
variation0110110000  4472   910   767
variation0110110001  4868   946   827
variation0110110010  4088   674   595
variation0110110011  4252   746   657
variation0110110100  1640   569   541
variation0110110101  1816   569   500
variation0110110110  1208   387   365
variation0110110111  1400   369   359
variation0110111000  4420   792   700
variation0110111001  4780   700   628
variation0110111010  4168   682   628
variation0110111011  4168   702   596
variation0110111100  1784   452   428
variation0110111101  1908   400   376
variation0110111110  1324   410   368
variation0110111111  1340   317   307
variation0111000000  9024   1505  1288
variation0111000001  8112   1599  1380
variation0111000010  9560   1456  1291
variation0111000011  7908   1398  1218
variation0111000100  7648   1287  1111
variation0111000101  7100   1258  1094
variation0111000110  7192   1216  1025
variation0111000111  7072   1203  987
variation0111001000  9060   1557  1361
variation0111001001  8036   1487  1358
variation0111001010  8556   1410  1289
variation0111001011  7644   1303  1159
variation0111001100  7448   1314  1080
variation0111001101  7180   1265  1079
variation0111001110  7720   1188  1032
variation0111001111  6364   1099  968
variation0111010000  8624   1449  1321
variation0111010001  8060   1528  1394
variation0111010010  8640   1406  1231
variation0111010011  7824   1397  1224
variation0111010100  7748   1288  1097
variation0111010101  6748   1343  1140
variation0111010110  7200   1236  1043
variation0111010111  6780   1178  1039
variation0111011000  9124   1582  1428
variation0111011001  8292   1616  1411
variation0111011010  8952   1408  1326
variation0111011011  7884   1300  1217
variation0111011100  8548   1429  1171
variation0111011101  7060   1397  1193
variation0111011110  7428   1213  1020
variation0111011111  6756   1179  923
variation0111100000  5268   803   723
variation0111100001  4160   643   568
variation0111100010  5076   657   575
variation0111100011  3728   582   528
variation0111100100  2184   392   379
variation0111100101  744    312   304
variation0111100110  1712   366   365
variation0111100111  540    273   281
variation0111101000  5364   800   718
variation0111101001  4004   653   568
variation0111101010  4748   645   585
variation0111101011  3420   535   488
variation0111101100  2228   436   415
variation0111101101  776    316   308
variation0111101110  1716   354   340
variation0111101111  320    230   229
variation0111110000  5000   746   613
variation0111110001  3804   628   548
variation0111110010  4504   668   582
variation0111110011  3596   615   522
variation0111110100  1996   398   369
variation0111110101  724    305   303
variation0111110110  1644   371   339
variation0111110111  472    261   277
variation0111111000  5136   801   705
variation0111111001  3840   663   598
variation0111111010  4740   644   563
variation0111111011  3444   568   500
variation0111111100  2136   411   395
variation0111111101  700    294   291
variation0111111110  1708   363   343
variation0111111111  288    228   221
variation1000000000  292    392   359
variation1000000001  1948   533   482
variation1000000010  712    284   272
variation1000000011  2316   416   389
variation1000000100  3484   736   632
variation1000000101  4876   790   622
variation1000000110  3700   827   702
variation1000000111  5240   942   865
variation1000001000  504    259   255
variation1000001001  1920   376   349
variation1000001010  676    290   283
variation1000001011  2220   391   362
variation1000001100  3680   620   534
variation1000001101  4860   657   572
variation1000001110  3888   655   572
variation1000001111  5072   701   633
variation1000010000  324    418   371
variation1000010001  2112   529   479
variation1000010010  780    296   296
variation1000010011  2404   446   418
variation1000010100  3476   695   589
variation1000010101  4788   672   596
variation1000010110  3820   832   684
variation1000010111  5104   916   765
variation1000011000  516    274   269
variation1000011001  1972   370   339
variation1000011010  780    303   307
variation1000011011  2300   368   356
variation1000011100  3764   611   514
variation1000011101  4924   738   622
variation1000011110  3876   632   533
variation1000011111  5412   720   619
variation1000100000  6396   1242  1050
variation1000100001  7360   1336  1146
variation1000100010  7240   1182  1042
variation1000100011  8220   1287  1089
variation1000100100  7884   1520  1351
variation1000100101  9252   1604  1429
variation1000100110  8636   1706  1469
variation1000100111  9236   1759  1549
variation1000101000  7080   1127  1014
variation1000101001  7336   1222  1002
variation1000101010  7340   1220  1031
variation1000101011  8268   1240  1034
variation1000101100  7712   1435  1304
variation1000101101  8648   1440  1275
variation1000101110  7964   1509  1352
variation1000101111  8632   1486  1325
variation1000110000  6832   1260  1130
variation1000110001  7940   1351  1127
variation1000110010  7144   1271  1130
variation1000110011  8532   1394  1167
variation1000110100  7856   1543  1384
variation1000110101  8796   1625  1347
variation1000110110  8132   1709  1491
variation1000110111  8948   1850  1550
variation1000111000  6680   1143  1006
variation1000111001  7428   1204  1038
variation1000111010  6964   1227  1088
variation1000111011  7820   1209  1074
variation1000111100  7516   1455  1266
variation1000111101  8604   1462  1338
variation1000111110  8424   1487  1272
variation1000111111  9004   1535  1333
variation1001000000  964    444   414
variation1001000001  1220   509   463
variation1001000010  1464   325   320
variation1001000011  1536   412   378
variation1001000100  3928   808   696
variation1001000101  4188   795   693
variation1001000110  4484   892   783
variation1001000111  4768   901   752
variation1001001000  1176   306   301
variation1001001001  1212   357   327
variation1001001010  1484   319   318
variation1001001011  1412   372   344
variation1001001100  4032   686   595
variation1001001101  3992   640   555
variation1001001110  4208   724   624
variation1001001111  4368   689   581
variation1001010000  916    431   418
variation1001010001  1332   516   474
variation1001010010  1512   359   332
variation1001010011  1708   434   416
variation1001010100  3952   776   629
variation1001010101  4084   831   707
variation1001010110  4668   806   683
variation1001010111  4344   984   809
variation1001011000  1144   312   305
variation1001011001  1144   353   336
variation1001011010  1456   327   321
variation1001011011  1476   378   357
variation1001011100  4060   620   536
variation1001011101  4276   679   620
variation1001011110  4584   639   568
variation1001011111  4348   691   573
variation1001100000  7788   1277  1114
variation1001100001  6704   1254  1107
variation1001100010  7620   1238  1107
variation1001100011  7044   1235  1071
variation1001100100  8560   1534  1390
variation1001100101  8284   1470  1323
variation1001100110  9376   1683  1481
variation1001100111  8748   1739  1434
variation1001101000  7000   1180  1023
variation1001101001  6832   1154  993
variation1001101010  7268   1291  1124
variation1001101011  7028   1253  984
variation1001101100  8188   1476  1252
variation1001101101  7904   1419  1270
variation1001101110  8596   1544  1387
variation1001101111  8104   1516  1376
variation1001110000  6696   1300  1130
variation1001110001  6444   1193  1058
variation1001110010  7772   1268  1109
variation1001110011  7124   1317  1109
variation1001110100  8540   1553  1315
variation1001110101  8744   1503  1271
variation1001110110  8556   1698  1507
variation1001110111  8792   1784  1542
variation1001111000  7176   1232  1081
variation1001111001  6508   1125  1018
variation1001111010  7544   1326  1132
variation1001111011  6956   1193  1082
variation1001111100  8360   1520  1284
variation1001111101  8564   1493  1265
variation1001111110  8936   1661  1435
variation1001111111  8624   1553  1364
variation1010000000  2792   494   465
variation1010000001  4552   624   534
variation1010000010  3196   770   702
variation1010000011  4764   892   770
variation1010000100  5564   830   657
variation1010000101  7092   1020  863
variation1010000110  5800   957   774
variation1010000111  7568   1167  878
variation1010001000  2980   581   520
variation1010001001  4340   615   551
variation1010001010  3272   601   536
variation1010001011  4792   659   568
variation1010001100  5956   925   755
variation1010001101  7084   1041  794
variation1010001110  6160   960   777
variation1010001111  7852   1107  832
variation1010010000  2712   516   478
variation1010010001  4620   616   549
variation1010010010  3072   780   699
variation1010010011  4880   945   793
variation1010010100  5720   834   706
variation1010010101  7688   1025  770
variation1010010110  6048   1045  763
variation1010010111  7400   1139  877
variation1010011000  3004   598   551
variation1010011001  4884   617   536
variation1010011010  3228   618   546
variation1010011011  4600   658   597
variation1010011100  5612   946   776
variation1010011101  7480   1112  777
variation1010011110  6188   991   796
variation1010011111  7292   1097  802
variation1010100000  7920   1520  1265
variation1010100001  9224   1635  1258
variation1010100010  8212   1633  1425
variation1010100011  9428   1794  1488
variation1010100100  9208   1577  1264
variation1010100101  10128  1770  1435
variation1010100110  9308   1718  1464
variation1010100111  10548  1802  1419
variation1010101000  8664   1420  1249
variation1010101001  9540   1447  1218
variation1010101010  8524   1533  1352
variation1010101011  8612   1587  1302
variation1010101100  9640   1690  1350
variation1010101101  10016  1648  1380
variation1010101110  9652   1704  1505
variation1010101111  10056  1663  1434
variation1010110000  8548   1372  1155
variation1010110001  8908   1633  1320
variation1010110010  8444   1666  1444
variation1010110011  9248   1793  1530
variation1010110100  8756   1586  1287
variation1010110101  9360   1785  1465
variation1010110110  9168   1763  1504
variation1010110111  10288  1777  1466
variation1010111000  8068   1433  1268
variation1010111001  9132   1455  1197
variation1010111010  7952   1535  1301
variation1010111011  9260   1542  1262
variation1010111100  9252   1646  1409
variation1010111101  10040  1623  1304
variation1010111110  10076  1747  1494
variation1010111111  10520  1736  1443
variation1011000000  3400   673   643
variation1011000001  3836   824   709
variation1011000010  3760   792   691
variation1011000011  3836   889   751
variation1011000100  6404   1060  793
variation1011000101  6256   1136  877
variation1011000110  7044   1019  817
variation1011000111  7180   1105  866
variation1011001000  3380   598   558
variation1011001001  3744   592   529
variation1011001010  3488   626   584
variation1011001011  4196   644   578
variation1011001100  6524   948   752
variation1011001101  6296   967   787
variation1011001110  6628   996   752
variation1011001111  6436   1048  832
variation1011010000  3452   686   637
variation1011010001  3756   772   683
variation1011010010  3728   809   724
variation1011010011  4052   893   795
variation1011010100  6504   1054  789
variation1011010101  5984   1187  853
variation1011010110  6608   1006  851
variation1011010111  7276   1145  814
variation1011011000  3644   584   542
variation1011011001  3580   601   540
variation1011011010  3884   656   637
variation1011011011  3984   666   588
variation1011011100  6100   944   749
variation1011011101  6268   1043  826
variation1011011110  6880   1008  835
variation1011011111  6564   1105  766
variation1011100000  8928   1510  1275
variation1011100001  7980   1492  1251
variation1011100010  9336   1694  1428
variation1011100011  8272   1705  1429
variation1011100100  9768   1589  1307
variation1011100101  9968   1671  1359
variation1011100110  10088  1713  1375
variation1011100111  10180  1726  1351
variation1011101000  8168   1410  1256
variation1011101001  8104   1379  1186
variation1011101010  8880   1500  1257
variation1011101011  7968   1465  1192
variation1011101100  9376   1715  1443
variation1011101101  9284   1577  1292
variation1011101110  10640  1724  1525
variation1011101111  9424   1642  1403
variation1011110000  8664   1495  1189
variation1011110001  8116   1536  1294
variation1011110010  9196   1695  1421
variation1011110011  8312   1745  1499
variation1011110100  10140  1669  1312
variation1011110101  9560   1707  1348
variation1011110110  10492  1734  1407
variation1011110111  9864   1725  1375
variation1011111000  8504   1551  1335
variation1011111001  8532   1444  1205
variation1011111010  9196   1514  1272
variation1011111011  8240   1510  1225
variation1011111100  9808   1653  1409
variation1011111101  8896   1624  1288
variation1011111110  9780   1746  1570
variation1011111111  9048   1663  1350
variation1100000000  9044   1914  1754
variation1100000001  10380  2015  1782
variation1100000010  8936   1763  1610
variation1100000011  9064   1837  1484
variation1100000100  7940   1639  1507
variation1100000101  8912   1735  1554
variation1100000110  7360   1461  1250
variation1100000111  8620   1479  1245
variation1100001000  9332   1760  1606
variation1100001001  9828   1784  1611
variation1100001010  8912   1563  1432
variation1100001011  9636   1595  1488
variation1100001100  7776   1527  1367
variation1100001101  8592   1547  1372
variation1100001110  7788   1451  1292
variation1100001111  8312   1372  1220
variation1100010000  9576   1877  1670
variation1100010001  9948   1877  1698
variation1100010010  8496   1781  1575
variation1100010011  9628   1799  1486
variation1100010100  8320   1647  1489
variation1100010101  8812   1716  1497
variation1100010110  7980   1394  1221
variation1100010111  8248   1436  1275
variation1100011000  9488   1796  1626
variation1100011001  9640   1739  1618
variation1100011010  8588   1592  1488
variation1100011011  9740   1572  1456
variation1100011100  8096   1508  1350
variation1100011101  8732   1496  1402
variation1100011110  7968   1435  1260
variation1100011111  8436   1382  1177
variation1100100000  6424   1203  1063
variation1100100001  6348   1213  1019
variation1100100010  5892   1119  851
variation1100100011  6588   1128  802
variation1100100100  3688   829   720
variation1100100101  3988   837   730
variation1100100110  3440   617   531
variation1100100111  3648   611   546
variation1100101000  6284   1117  993
variation1100101001  6840   1030  860
variation1100101010  5748   1035  898
variation1100101011  5944   868   748
variation1100101100  4036   750   655
variation1100101101  3612   663   578
variation1100101110  3760   619   548
variation1100101111  3456   580   522
variation1100110000  6600   1174  1075
variation1100110001  6312   1192  1032
variation1100110010  5880   1118  977
variation1100110011  6412   1088  774
variation1100110100  4008   816   731
variation1100110101  3756   811   686
variation1100110110  3316   632   537
variation1100110111  3556   576   513
variation1100111000  6344   1110  956
variation1100111001  6672   1007  902
variation1100111010  5804   969   867
variation1100111011  6176   826   705
variation1100111100  3748   721   651
variation1100111101  3844   645   591
variation1100111110  3592   634   541
variation1100111111  3380   512   476
variation1101000000  9864   1730  1530
variation1101000001  9120   1675  1547
variation1101000010  9596   1787  1633
variation1101000011  8948   1831  1431
variation1101000100  8700   1512  1305
variation1101000101  8248   1536  1323
variation1101000110  8680   1446  1206
variation1101000111  7836   1383  1212
variation1101001000  10060  1805  1663
variation1101001001  9552   1682  1532
variation1101001010  8880   1589  1488
variation1101001011  8512   1562  1428
variation1101001100  8656   1577  1410
variation1101001101  7560   1534  1319
variation1101001110  8028   1415  1246
variation1101001111  7520   1323  1149
variation1101010000  9688   1671  1515
variation1101010001  9064   1732  1614
variation1101010010  9752   1742  1613
variation1101010011  9544   1788  1392
variation1101010100  8668   1477  1309
variation1101010101  8152   1504  1348
variation1101010110  8588   1484  1233
variation1101010111  7412   1436  1244
variation1101011000  9516   1751  1599
variation1101011001  9556   1684  1590
variation1101011010  9916   1634  1476
variation1101011011  8996   1551  1387
variation1101011100  9332   1532  1404
variation1101011101  8040   1562  1345
variation1101011110  8408   1441  1238
variation1101011111  7672   1307  1199
variation1101100000  7240   1104  963
variation1101100001  6212   1012  888
variation1101100010  6988   1206  957
variation1101100011  5616   1073  780
variation1101100100  4544   719   594
variation1101100101  3128   602   549
variation1101100110  4292   695   604
variation1101100111  3012   543   517
variation1101101000  7044   1223  1062
variation1101101001  5580   1043  841
variation1101101010  7156   1023  988
variation1101101011  5576   867   722
variation1101101100  4524   773   772
variation1101101101  2880   658   569
variation1101101110  4320   821   677
variation1101101111  2540   506   449
variation1101110000  6856   1062  983
variation1101110001  6212   976   863
variation1101110010  7200   1145  998
variation1101110011  5728   991   756
variation1101110100  4372   657   587
variation1101110101  3012   594   534
variation1101110110  4108   657   607
variation1101110111  2908   551   513
variation1101111000  7132   1179  1056
variation1101111001  5792   987   908
variation1101111010  6760   1023  927
variation1101111011  5240   824   695
variation1101111100  4684   762   739
variation1101111101  2980   634   548
variation1101111110  4240   658   605
variation1101111111  2532   506   500
variation1110000000  9048   1840  1598
variation1110000001  9416   1908  1603
variation1110000010  8100   1504  1324
variation1110000011  8672   1475  1368
variation1110000100  7168   1488  1221
variation1110000101  8032   1521  1254
variation1110000110  7360   1207  1001
variation1110000111  7828   1210  1020
variation1110001000  8760   1611  1493
variation1110001001  9080   1610  1438
variation1110001010  8200   1518  1345
variation1110001011  8996   1469  1274
variation1110001100  7244   1334  1134
variation1110001101  7868   1337  1113
variation1110001110  6916   1211  965
variation1110001111  7684   1184  936
variation1110010000  8724   1747  1603
variation1110010001  9592   1727  1586
variation1110010010  8468   1477  1340
variation1110010011  9100   1517  1357
variation1110010100  6796   1425  1209
variation1110010101  7876   1457  1208
variation1110010110  6916   1143  947
variation1110010111  7568   1229  1011
variation1110011000  8840   1598  1452
variation1110011001  8620   1617  1396
variation1110011010  8048   1502  1339
variation1110011011  8060   1481  1257
variation1110011100  7184   1296  1128
variation1110011101  7860   1300  1063
variation1110011110  6780   1188  933
variation1110011111  7476   1097  916
variation1110100000  4588   948   817
variation1110100001  5212   857   805
variation1110100010  4524   709   630
variation1110100011  4604   702   664
variation1110100100  1572   574   539
variation1110100101  1696   535   497
variation1110100110  1256   401   376
variation1110100111  1380   361   349
variation1110101000  4544   772   694
variation1110101001  4996   737   638
variation1110101010  4084   748   656
variation1110101011  4432   657   570
variation1110101100  1732   427   424
variation1110101101  1740   365   345
variation1110101110  1228   399   366
variation1110101111  1220   344   321
variation1110110000  4784   934   814
variation1110110001  4968   973   868
variation1110110010  4292   709   598
variation1110110011  4712   724   646
variation1110110100  1512   557   509
variation1110110101  1716   539   490
variation1110110110  1212   361   331
variation1110110111  1400   329   319
variation1110111000  4720   788   682
variation1110111001  4520   838   695
variation1110111010  4176   728   641
variation1110111011  4160   723   604
variation1110111100  1772   449   402
variation1110111101  1816   369   343
variation1110111110  1248   360   350
variation1110111111  1160   293   288
variation1111000000  9600   1542  1415
variation1111000001  9116   1567  1399
variation1111000010  8500   1450  1313
variation1111000011  8344   1418  1280
variation1111000100  7412   1199  1001
variation1111000101  7952   1318  1104
variation1111000110  7368   1217  993
variation1111000111  7100   1179  1014
variation1111001000  9076   1620  1442
variation1111001001  8112   1534  1433
variation1111001010  8448   1512  1322
variation1111001011  8276   1444  1308
variation1111001100  7656   1369  1145
variation1111001101  6996   1282  1083
variation1111001110  7192   1216  953
variation1111001111  6980   1085  965
variation1111010000  9284   1626  1456
variation1111010001  9128   1607  1407
variation1111010010  8356   1464  1297
variation1111010011  8036   1433  1234
variation1111010100  8288   1219  1030
variation1111010101  7092   1215  1036
variation1111010110  7228   1195  1002
variation1111010111  6752   1138  931
variation1111011000  8844   1630  1450
variation1111011001  8536   1585  1413
variation1111011010  8488   1484  1314
variation1111011011  8056   1367  1210
variation1111011100  7656   1326  1157
variation1111011101  7276   1258  1036
variation1111011110  7368   1158  923
variation1111011111  6884   1091  941
variation1111100000  4956   752   689
variation1111100001  4264   697   603
variation1111100010  5248   680   623
variation1111100011  3820   609   542
variation1111100100  2084   402   376
variation1111100101  668    308   307
variation1111100110  1792   353   343
variation1111100111  416    270   275
variation1111101000  5464   787   710
variation1111101001  3880   651   601
variation1111101010  4764   750   639
variation1111101011  3236   550   496
variation1111101100  2216   442   414
variation1111101101  712    304   316
variation1111101110  1684   374   338
variation1111101111  248    235   234
variation1111110000  5444   822   698
variation1111110001  3944   713   628
variation1111110010  5000   681   625
variation1111110011  3904   649   573
variation1111110100  2056   425   384
variation1111110101  688    294   283
variation1111110110  1764   349   325
variation1111110111  400    262   266
variation1111111000  5336   850   723
variation1111111001  4200   663   572
variation1111111010  4656   786   667
variation1111111011  3340   602   545
variation1111111100  2284   457   416
variation1111111101  652    300   288
variation1111111110  1644   372   343
variation1111111111  236    222   223
