configuration0000000  50192   19330  18152
configuration0000001  143472  43631  42550
configuration0000010  44792   20038  19795
configuration0000011  139812  44313  42796
configuration0000100  49296   19773  18445
configuration0000101  150300  45883  44351
configuration0000110  45176   21144  20682
configuration0000111  153956  45339  44264
configuration0001000  47840   21009  20260
configuration0001001  151300  45227  42204
configuration0001010  46476   20915  20142
configuration0001011  137356  44456  44563
configuration0001100  44164   20142  21112
configuration0001101  135236  45803  45066
configuration0001110  45784   21349  20382
configuration0001111  143212  44977  43716
configuration0010000  237236  74400  74908
configuration0010001  133288  42502  42941
configuration0010010  254212  79779  75959
configuration0010011  138096  45490  43196
configuration0010100  239860  73918  73353
configuration0010101  131020  42464  42841
configuration0010110  241188  74795  73030
configuration0010111  134072  45516  43710
configuration0011000  238056  76232  73161
configuration0011001  155708  44791  43728
configuration0011010  233828  76815  76211
configuration0011011  130844  42091  41355
configuration0011100  236360  74836  70542
configuration0011101  142828  44752  43567
configuration0011110  255348  76991  72114
configuration0011111  130676  42957  41222
configuration0100000  45408   19887  18830
configuration0100001  141056  43107  43159
configuration0100010  47256   21068  20687
configuration0100011  146484  44689  45066
configuration0100100  47016   20927  18773
configuration0100101  151356  46670  44601
configuration0100110  45524   21020  18996
configuration0100111  145228  45697  44955
configuration0101000  44904   19794  17597
configuration0101001  152636  45199  42962
configuration0101010  47396   20461  18904
configuration0101011  144292  44960  44098
configuration0101100  45436   21363  20095
configuration0101101  142588  44658  41743
configuration0101110  46704   21368  20170
configuration0101111  146340  45741  44096
configuration0110000  237092  76292  73467
configuration0110001  142224  45527  42300
configuration0110010  231492  76831  75855
configuration0110011  133164  43981  41817
configuration0110100  281648  76201  74603
configuration0110101  135768  43474  41090
configuration0110110  244152  72876  74048
configuration0110111  135128  42999  42546
configuration0111000  263020  74265  71610
configuration0111001  138144  43698  44023
configuration0111010  273316  75230  72810
configuration0111011  142076  42349  41921
configuration0111100  238400  75626  75655
configuration0111101  143716  43713  45048
configuration0111110  238772  77226  71239
configuration0111111  130664  44334  42247
configuration1000000  137816  48548  44208
configuration1000001  250456  79897  75105
configuration1000010  137880  48840  48331
configuration1000011  246096  77605  78332
configuration1000100  132908  46069  45222
configuration1000101  256140  80707  78815
configuration1000110  139540  46070  47493
configuration1000111  250644  81047  73305
configuration1001000  145316  46749  46007
configuration1001001  256012  58026  55456
configuration1001010  141124  44302  46797
configuration1001011  248184  78143  71184
configuration1001100  140596  47422  44584
configuration1001101  236536  73639  76899
configuration1001110  141332  37393  38627
configuration1001111  243168  71439  72207
configuration1010000  147732  37407  36084
configuration1010001  46104   19756  19154
configuration1010010  146580  37411  36573
configuration1010011  48008   21374  20383
configuration1010100  164996  38922  35105
configuration1010101  48080   21155  19443
configuration1010110  142040  36370  35945
configuration1010111  47396   19145  18384
configuration1011000  153336  40750  39538
configuration1011001  44672   20948  20258
configuration1011010  150704  38284  37514
configuration1011011  49424   19462  18594
configuration1011100  139436  37292  36203
configuration1011101  43660   21104  19871
configuration1011110  144924  38304  35566
configuration1011111  46540   19817  18364
configuration1100000  143624  38478  38591
configuration1100001  241644  80419  77080
configuration1100010  137612  40628  37216
configuration1100011  250984  79399  77781
configuration1100100  136396  47622  47245
configuration1100101  244836  76364  77059
configuration1100110  130072  46390  45116
configuration1100111  287788  79867  77818
configuration1101000  131876  46847  45202
configuration1101001  247084  89311  76811
configuration1101010  145944  45825  44745
configuration1101011  267680  79498  77576
configuration1101100  136612  47335  45854
configuration1101101  230592  71478  72500
configuration1101110  141040  44555  41996
configuration1101111  253244  70883  68839
configuration1110000  137620  43383  42546
configuration1110001  49452   21941  20496
configuration1110010  139508  45820  42912
configuration1110011  47604   20999  20268
configuration1110100  144152  45396  43778
configuration1110101  44992   21101  20260
configuration1110110  138720  43508  42417
configuration1110111  44672   20302  17853
configuration1111000  139488  43871  43549
configuration1111001  44832   20762  19895
configuration1111010  146276  45465  44395
configuration1111011  46424   21950  19972
configuration1111100  138928  43645  42826
configuration1111101  49040   21983  20415
configuration1111110  137524  44429  43759
configuration1111111  43860   19839  19780
