variation00000000 488 589 589 
variation00000001 6684 1249 1090 
variation00000010 6976 1467 1311 
variation00000011 11652 2506 2254 
variation00000100 2080 740 708 
variation00000101 7332 1206 1127 
variation00000110 8200 1888 1723 
variation00000111 12248 2827 2599 
variation00001000 2372 656 634 
variation00001001 8424 1225 1106 
variation00001010 8460 1760 1651 
variation00001011 13136 2607 2622 
variation00001100 2764 773 736 
variation00001101 7880 1200 1117 
variation00001110 9148 1886 1803 
variation00001111 12828 2663 2587 
variation00010000 3516 1026 1034 
variation00010001 3932 1506 1470 
variation00010010 3328 964 947 
variation00010011 2224 828 819 
variation00010100 6660 1486 1553 
variation00010101 5192 1424 1506 
variation00010110 5536 1016 1002 
variation00010111 2892 898 878 
variation00011000 5764 1873 1833 
variation00011001 4788 1553 1510 
variation00011010 4764 1605 1500 
variation00011011 2652 1182 1171 
variation00011100 6524 1645 1909 
variation00011101 4712 1380 1236 
variation00011110 5616 1443 1529 
variation00011111 2732 807 807 
variation00100000 756 875 882 
variation00100001 7036 1617 1459 
variation00100010 6228 1415 1198 
variation00100011 10788 2097 2081 
variation00100100 2524 980 948 
variation00100101 8028 1701 1271 
variation00100110 7296 1694 1555 
variation00100111 11808 2363 2237 
variation00101000 2992 882 859 
variation00101001 8852 1421 1256 
variation00101010 8268 1348 1243 
variation00101011 12648 2299 2335 
variation00101100 3368 990 955 
variation00101101 8912 1616 1500 
variation00101110 8400 1499 1325 
variation00101111 12092 2472 2201 
variation00110000 3992 1289 1305 
variation00110001 4420 1779 1757 
variation00110010 1912 705 712 
variation00110011 1068 627 619 
variation00110100 7264 1722 1839 
variation00110101 5332 1714 1782 
variation00110110 4488 846 842 
variation00110111 1996 660 658 
variation00111000 6456 2114 2120 
variation00111001 5552 1687 1651 
variation00111010 3940 1354 1282 
variation00111011 2212 963 932 
variation00111100 7188 2144 2245 
variation00111101 5296 1499 1704 
variation00111110 4520 1269 1360 
variation00111111 1852 638 618 
variation01000000 508 587 586 
variation01000001 6544 1154 1145 
variation01000010 6668 1733 1662 
variation01000011 11524 2395 2255 
variation01000100 1908 727 698 
variation01000101 7236 1309 1141 
variation01000110 8332 1675 1475 
variation01000111 12868 2827 2464 
variation01001000 2432 670 639 
variation01001001 8352 1247 1137 
variation01001010 9100 1752 1635 
variation01001011 15168 2632 2442 
variation01001100 2804 769 760 
variation01001101 8052 1171 1120 
variation01001110 8880 1925 1780 
variation01001111 13084 2590 2496 
variation01010000 3620 1014 1026 
variation01010001 4120 1482 1449 
variation01010010 3528 886 883 
variation01010011 1952 859 851 
variation01010100 6356 1189 1174 
variation01010101 4892 1087 1032 
variation01010110 5152 1067 1041 
variation01010111 3000 907 877 
variation01011000 5872 1853 1827 
variation01011001 5036 1550 1446 
variation01011010 4700 1503 1437 
variation01011011 3092 1210 1163 
variation01011100 6112 1715 1803 
variation01011101 4824 1186 1116 
variation01011110 5752 1129 1099 
variation01011111 3048 866 824 
variation01100000 768 809 808 
variation01100001 7224 1654 1500 
variation01100010 6268 1425 1338 
variation01100011 11008 2046 2110 
variation01100100 2528 957 957 
variation01100101 8608 1719 1535 
variation01100110 7460 1683 1549 
variation01100111 11872 2371 2232 
variation01101000 3108 894 877 
variation01101001 8796 1772 1486 
variation01101010 7952 1365 1212 
variation01101011 13840 2124 2229 
variation01101100 3488 985 986 
variation01101101 9160 1723 1559 
variation01101110 8556 1550 1408 
variation01101111 12452 2086 2230 
variation01110000 3876 1239 1238 
variation01110001 4444 1728 1728 
variation01110010 2192 718 722 
variation01110011 1152 622 620 
variation01110100 7332 1472 1410 
variation01110101 5616 1331 1279 
variation01110110 4236 839 846 
variation01110111 2188 653 645 
variation01111000 6196 2122 2117 
variation01111001 5220 1776 1654 
variation01111010 3700 1341 1248 
variation01111011 2292 929 912 
variation01111100 6912 1867 2043 
variation01111101 4836 1267 1231 
variation01111110 4028 892 866 
variation01111111 1776 635 629 
variation10000000 4416 1102 1102 
variation10000001 9564 1858 1898 
variation10000010 9340 2538 1962 
variation10000011 14908 3348 3221 
variation10000100 5440 1283 1215 
variation10000101 11100 2210 2038 
variation10000110 11408 2646 2489 
variation10000111 15428 3443 3267 
variation10001000 4592 1211 1199 
variation10001001 10480 2001 1857 
variation10001010 10828 2470 2334 
variation10001011 16072 3500 3318 
variation10001100 5092 1274 1216 
variation10001101 9724 1806 1678 
variation10001110 10924 2622 2149 
variation10001111 14500 3312 3050 
variation10010000 3228 993 992 
variation10010001 3728 1188 1162 
variation10010010 3084 848 908 
variation10010011 1612 782 783 
variation10010100 6424 1424 1503 
variation10010101 4624 1334 1441 
variation10010110 5068 1007 1053 
variation10010111 2732 825 786 
variation10011000 3356 1153 1124 
variation10011001 3380 1000 977 
variation10011010 3004 970 967 
variation10011011 1384 757 732 
variation10011100 4652 1204 1124 
variation10011101 3028 967 927 
variation10011110 3672 1073 1052 
variation10011111 1156 748 740 
variation10100000 3992 1539 1560 
variation10100001 10196 2719 2602 
variation10100010 8660 2107 2026 
variation10100011 13832 3051 2833 
variation10100100 5840 1798 1753 
variation10100101 11440 2872 2739 
variation10100110 10816 2429 2305 
variation10100111 14808 3174 2852 
variation10101000 4916 1651 1603 
variation10101001 11120 2852 2789 
variation10101010 10116 2243 2014 
variation10101011 14468 3090 2806 
variation10101100 5332 1671 1668 
variation10101101 10372 2699 2542 
variation10101110 10328 2248 2172 
variation10101111 13964 2972 2710 
variation10110000 3668 1279 1292 
variation10110001 4024 1331 1317 
variation10110010 1688 694 707 
variation10110011 752 606 600 
variation10110100 6972 1715 1807 
variation10110101 5420 1634 1690 
variation10110110 4136 834 813 
variation10110111 1820 643 617 
variation10111000 3856 1352 1368 
variation10111001 3884 1360 1337 
variation10111010 1912 747 733 
variation10111011 612 575 572 
variation10111100 5136 1426 1469 
variation10111101 3332 1216 1178 
variation10111110 2616 830 794 
variation10111111 428 586 599 
variation11000000 3876 1089 1113 
variation11000001 9356 1843 1886 
variation11000010 9288 2529 2412 
variation11000011 14380 3245 3186 
variation11000100 5352 1290 1259 
variation11000101 10764 1966 2033 
variation11000110 11352 2642 2481 
variation11000111 16176 3634 3353 
variation11001000 4676 1181 1090 
variation11001001 10296 1807 1832 
variation11001010 10928 2539 2014 
variation11001011 15184 3249 3050 
variation11001100 5028 1200 1172 
variation11001101 9948 2039 1711 
variation11001110 11132 2691 2092 
variation11001111 14632 3178 3047 
variation11010000 3172 991 1012 
variation11010001 3436 1163 1137 
variation11010010 3332 954 923 
variation11010011 1484 779 793 
variation11010100 6300 1158 1148 
variation11010101 4632 1056 1023 
variation11010110 4952 1031 981 
variation11010111 2468 906 863 
variation11011000 3428 1122 1102 
variation11011001 3264 994 972 
variation11011010 3296 931 914 
variation11011011 1328 757 759 
variation11011100 4596 1142 1140 
variation11011101 3052 970 935 
variation11011110 3592 1002 1020 
variation11011111 1080 735 730 
variation11100000 3984 1601 1594 
variation11100001 10040 2675 2573 
variation11100010 8936 2111 2015 
variation11100011 14196 2905 2726 
variation11100100 5568 1840 1786 
variation11100101 11336 2788 2903 
variation11100110 10840 2517 2456 
variation11100111 15036 2803 2497 
variation11101000 4800 1609 1565 
variation11101001 11328 2727 2610 
variation11101010 9744 2243 2052 
variation11101011 14724 2911 2707 
variation11101100 5300 1689 1667 
variation11101101 10244 2733 2578 
variation11101110 10012 2327 2119 
variation11101111 13972 2903 2705 
variation11110000 3596 1345 1370 
variation11110001 4168 1412 1347 
variation11110010 1828 690 687 
variation11110011 772 596 598 
variation11110100 6312 1413 1401 
variation11110101 5184 1316 1266 
variation11110110 3992 863 812 
variation11110111 1744 641 620 
variation11111000 3800 1312 1285 
variation11111001 3880 1244 1230 
variation11111010 1800 754 755 
variation11111011 612 579 594 
variation11111100 5284 1413 1409 
variation11111101 3460 1214 1184 
variation11111110 2472 820 808 
variation11111111 420 577 586 
