variation000000 4372 5418 5540 
variation000001 36372 10970 9767 
variation000010 150504 26162 21708 
variation000011 155028 30346 27522 
variation000100 4400 6616 6885 
variation000101 38692 10758 9453 
variation000110 156260 24876 21189 
variation000111 156220 28473 23584 
variation001000 19324 8937 8634 
variation001001 52824 13097 11614 
variation001010 180708 27546 23799 
variation001011 182684 28163 20050 
variation001100 18936 6342 5951 
variation001101 54716 10149 9286 
variation001110 169520 27547 23476 
variation001111 187784 24112 19853 
variation010000 376372 137630 139723 
variation010001 389028 158889 156069 
variation010010 427116 178457 166959 
variation010011 415840 179154 171490 
variation010100 364296 155272 152993 
variation010101 388944 165001 160907 
variation010110 425072 189612 188844 
variation010111 418016 182425 176964 
variation011000 381436 149220 170301 
variation011001 383008 174879 166636 
variation011010 422948 171031 160595 
variation011011 412448 159728 156638 
variation011100 364000 181999 153484 
variation011101 401404 159694 159104 
variation011110 428132 160918 159080 
variation011111 418600 159339 159600 
variation100000 293220 137731 137045 
variation100001 320344 134467 133807 
variation100010 347232 129415 126481 
variation100011 345100 133731 132658 
variation100100 306108 137849 136700 
variation100101 333556 146127 143978 
variation100110 343444 147458 144985 
variation100111 356656 154994 151960 
variation101000 300596 127501 124494 
variation101001 326068 131161 128655 
variation101010 348612 123037 120065 
variation101011 342960 139513 137605 
variation101100 303080 126364 126663 
variation101101 329108 144409 141358 
variation101110 347196 134324 134540 
variation101111 348928 136549 135594 
variation110000 51160 7665 6357 
variation110001 53364 12268 8272 
variation110010 18244 9415 13345 
variation110011 7228 5631 7282 
variation110100 46808 6397 17454 
variation110101 53316 8003 11529 
variation110110 16980 9388 7177 
variation110111 6716 8458 7261 
variation111000 41876 9906 7054 
variation111001 48028 10123 8024 
variation111010 13268 9257 12968 
variation111011 2748 5401 9323 
variation111100 44016 10291 8388 
variation111101 52928 12195 8841 
variation111110 13496 9382 10526 
variation111111 2952 6867 7016 
