variation000000000 728 532 551 
variation000000001 736 796 783 
variation000000010 712 1020 925 
variation000000011 724 992 1018 
variation000000100 688 888 859 
variation000000101 712 794 806 
variation000000110 704 980 939 
variation000000111 720 1001 1021 
variation000001000 760 758 752 
variation000001001 820 774 758 
variation000001010 772 1072 1058 
variation000001011 788 933 935 
variation000001100 760 732 884 
variation000001101 776 1189 1154 
variation000001110 780 974 1089 
variation000001111 780 1122 1117 
variation000010000 4208 827 823 
variation000010001 4200 2608 2754 
variation000010010 4140 1598 1572 
variation000010011 4164 2707 2711 
variation000010100 4180 2555 2580 
variation000010101 4204 2766 2732 
variation000010110 4288 1744 1820 
variation000010111 4340 1244 1226 
variation000011000 4248 2831 2829 
variation000011001 4288 3059 3033 
variation000011010 4256 3046 2958 
variation000011011 4232 2980 3024 
variation000011100 4216 3383 3356 
variation000011101 4200 3132 1453 
variation000011110 4168 3200 2978 
variation000011111 4288 1351 1337 
variation000100000 684 501 506 
variation000100001 720 713 712 
variation000100010 712 905 904 
variation000100011 720 987 1000 
variation000100100 696 912 870 
variation000100101 716 805 831 
variation000100110 700 995 932 
variation000100111 720 945 920 
variation000101000 764 872 921 
variation000101001 784 759 769 
variation000101010 780 1056 1036 
variation000101011 788 926 950 
variation000101100 756 1002 998 
variation000101101 800 928 1078 
variation000101110 772 971 1096 
variation000101111 784 1188 1178 
variation000110000 4228 829 843 
variation000110001 4200 2702 2749 
variation000110010 4128 1579 1581 
variation000110011 4096 2671 2628 
variation000110100 4148 2471 2459 
variation000110101 4276 2657 2700 
variation000110110 4128 1762 1727 
variation000110111 4232 1272 1244 
variation000111000 4376 3012 3041 
variation000111001 4348 2996 3095 
variation000111010 4280 3077 3034 
variation000111011 4460 2719 2723 
variation000111100 4256 3350 3280 
variation000111101 4304 3136 3131 
variation000111110 4248 3182 3204 
variation000111111 4364 1323 1334 
variation001000000 10224 1288 1076 
variation001000001 10244 1575 1159 
variation001000010 10492 1478 1140 
variation001000011 10164 1489 1137 
variation001000100 10716 1784 1194 
variation001000101 10556 1649 1329 
variation001000110 10268 1686 1449 
variation001000111 10264 1752 1520 
variation001001000 10116 1024 894 
variation001001001 10120 1236 939 
variation001001010 10140 1255 950 
variation001001011 10040 1247 983 
variation001001100 10044 1330 1027 
variation001001101 10508 1401 1237 
variation001001110 10196 1540 1272 
variation001001111 10160 1444 1295 
variation001010000 12840 3964 3369 
variation001010001 12772 4191 3710 
variation001010010 13492 4406 3848 
variation001010011 12700 3803 3153 
variation001010100 13724 4611 4160 
variation001010101 13772 2210 2093 
variation001010110 13136 4768 4142 
variation001010111 12764 1734 1493 
variation001011000 12688 3852 3294 
variation001011001 12652 3599 3101 
variation001011010 12768 4361 3623 
variation001011011 12872 4040 3524 
variation001011100 13352 4156 4018 
variation001011101 13420 1876 1525 
variation001011110 12632 4621 3904 
variation001011111 13340 1496 1260 
variation001100000 10320 1343 1039 
variation001100001 10180 1402 1163 
variation001100010 10164 1367 1114 
variation001100011 10240 1447 1133 
variation001100100 10372 1518 1746 
variation001100101 10276 1818 1310 
variation001100110 10248 1731 1489 
variation001100111 12424 1912 1551 
variation001101000 10464 1217 904 
variation001101001 10080 1241 937 
variation001101010 10448 1285 1031 
variation001101011 10012 1298 995 
variation001101100 10040 1332 1448 
variation001101101 10020 1345 1075 
variation001101110 10148 1564 1240 
variation001101111 10096 1456 1296 
variation001110000 13108 3889 3348 
variation001110001 12804 4241 3716 
variation001110010 13056 3924 3405 
variation001110011 13104 4294 3651 
variation001110100 13524 4247 3690 
variation001110101 13384 2284 1913 
variation001110110 12856 4749 4113 
variation001110111 12856 1758 1495 
variation001111000 12612 3746 3283 
variation001111001 12540 3626 3154 
variation001111010 12604 4384 3725 
variation001111011 12536 4122 3446 
variation001111100 13380 4492 3807 
variation001111101 13332 1808 1553 
variation001111110 12800 4171 3632 
variation001111111 13660 1498 1272 
variation010000000 23152 2032 1778 
variation010000001 21056 2792 2128 
variation010000010 21616 3593 3209 
variation010000011 20908 1628 1263 
variation010000100 20972 4626 4417 
variation010000101 21004 2379 2101 
variation010000110 22360 2521 2271 
variation010000111 21620 2514 2250 
variation010001000 23196 2239 1929 
variation010001001 21212 1564 1243 
variation010001010 22164 3670 3361 
variation010001011 21012 1564 1246 
variation010001100 20996 2268 1985 
variation010001101 23712 2562 2202 
variation010001110 21460 2921 2388 
variation010001111 21052 2863 2401 
variation010010000 3640 834 824 
variation010010001 3508 1688 1735 
variation010010010 3576 2011 2020 
variation010010011 3632 1880 1852 
variation010010100 3484 1570 1616 
variation010010101 3500 1041 1185 
variation010010110 2696 2491 2510 
variation010010111 2752 886 887 
variation010011000 3684 1071 1068 
variation010011001 3604 979 966 
variation010011010 3652 2483 1086 
variation010011011 3652 1052 1051 
variation010011100 3552 1893 1931 
variation010011101 3672 1146 1161 
variation010011110 2888 1571 2821 
variation010011111 2876 1068 1071 
variation010100000 23048 2054 1765 
variation010100001 21208 2710 2105 
variation010100010 20856 3569 3198 
variation010100011 20956 1637 1308 
variation010100100 24124 4687 4513 
variation010100101 21504 2583 2191 
variation010100110 20872 2460 2295 
variation010100111 20956 2646 2449 
variation010101000 22988 2379 1979 
variation010101001 26148 1622 1180 
variation010101010 20916 3747 3343 
variation010101011 21212 2733 2370 
variation010101100 21096 2003 1927 
variation010101101 21024 6430 6166 
variation010101110 20908 2701 2442 
variation010101111 26684 2766 2457 
variation010110000 3636 788 780 
variation010110001 3512 1944 1884 
variation010110010 3696 1101 1109 
variation010110011 3700 1029 1014 
variation010110100 3552 1699 1755 
variation010110101 3708 950 966 
variation010110110 2744 1091 1102 
variation010110111 2840 893 915 
variation010111000 3692 1068 1021 
variation010111001 3600 1982 1989 
variation010111010 3700 1295 1307 
variation010111011 3784 1119 1097 
variation010111100 3572 1815 1836 
variation010111101 3728 1023 1243 
variation010111110 2860 1671 1328 
variation010111111 2784 1051 1068 
variation011000000 19752 1770 1213 
variation011000001 19848 1648 1333 
variation011000010 19888 1893 1319 
variation011000011 19868 1690 1290 
variation011000100 19716 2419 2125 
variation011000101 19808 2621 2313 
variation011000110 19756 2508 2102 
variation011000111 19740 2496 2227 
variation011001000 19984 1372 1132 
variation011001001 20036 1747 1171 
variation011001010 19636 1621 1246 
variation011001011 19548 1434 1137 
variation011001100 19772 2182 2002 
variation011001101 19956 2382 1996 
variation011001110 19532 2482 2082 
variation011001111 19484 2375 2079 
variation011010000 776 1121 1133 
variation011010001 772 1193 1193 
variation011010010 772 728 732 
variation011010011 736 654 659 
variation011010100 740 832 844 
variation011010101 752 993 966 
variation011010110 728 910 905 
variation011010111 724 796 795 
variation011011000 624 993 983 
variation011011001 624 616 618 
variation011011010 624 628 626 
variation011011011 608 609 585 
variation011011100 620 1181 1205 
variation011011101 620 825 850 
variation011011110 620 749 718 
variation011011111 604 591 605 
variation011100000 19940 1595 1215 
variation011100001 20072 1731 1342 
variation011100010 19688 1815 1332 
variation011100011 19944 1772 1290 
variation011100100 19776 2420 2078 
variation011100101 22996 2631 2293 
variation011100110 20392 2473 2176 
variation011100111 19692 2531 2273 
variation011101000 19596 1374 1000 
variation011101001 19892 1464 1141 
variation011101010 20016 1642 1181 
variation011101011 19792 1538 1147 
variation011101100 19648 2388 1924 
variation011101101 19544 2448 2007 
variation011101110 19644 2297 2010 
variation011101111 19672 2407 2013 
variation011110000 740 1020 1006 
variation011110001 732 974 970 
variation011110010 736 824 793 
variation011110011 724 735 732 
variation011110100 736 1002 865 
variation011110101 732 1092 1066 
variation011110110 732 908 907 
variation011110111 720 862 865 
variation011111000 612 1025 1018 
variation011111001 620 742 720 
variation011111010 624 716 711 
variation011111011 604 579 587 
variation011111100 624 953 967 
variation011111101 616 803 830 
variation011111110 624 749 728 
variation011111111 600 588 591 
variation100000000 696 484 487 
variation100000001 712 665 673 
variation100000010 704 836 816 
variation100000011 728 997 994 
variation100000100 692 820 803 
variation100000101 720 790 798 
variation100000110 712 879 868 
variation100000111 716 890 808 
variation100001000 760 597 596 
variation100001001 772 670 663 
variation100001010 764 973 983 
variation100001011 780 922 942 
variation100001100 760 770 798 
variation100001101 792 893 897 
variation100001110 788 1061 1061 
variation100001111 820 986 959 
variation100010000 4156 860 849 
variation100010001 4156 2870 2952 
variation100010010 4180 1360 1335 
variation100010011 4136 2676 2700 
variation100010100 4188 2684 2832 
variation100010101 4188 1334 1232 
variation100010110 4388 1828 1724 
variation100010111 4176 1077 1082 
variation100011000 4396 2743 2789 
variation100011001 4240 2993 2967 
variation100011010 4232 2941 2922 
variation100011011 4236 2819 2790 
variation100011100 4280 3264 3300 
variation100011101 4356 1347 1318 
variation100011110 4256 3323 3255 
variation100011111 4600 1596 1593 
variation100100000 692 498 496 
variation100100001 712 676 674 
variation100100010 704 831 752 
variation100100011 724 1001 1020 
variation100100100 696 801 696 
variation100100101 716 795 806 
variation100100110 704 875 874 
variation100100111 716 807 809 
variation100101000 768 595 596 
variation100101001 764 653 658 
variation100101010 768 981 1018 
variation100101011 784 944 960 
variation100101100 760 767 751 
variation100101101 784 795 786 
variation100101110 780 1061 1066 
variation100101111 796 1173 1220 
variation100110000 4116 882 843 
variation100110001 4124 2678 2756 
variation100110010 4144 1358 1376 
variation100110011 4324 2831 2811 
variation100110100 4368 2573 2609 
variation100110101 4216 1212 1203 
variation100110110 4212 1747 1803 
variation100110111 4172 1092 1097 
variation100111000 4236 2779 2807 
variation100111001 4232 2973 3031 
variation100111010 4232 2861 2835 
variation100111011 4224 2865 2855 
variation100111100 4660 3291 3279 
variation100111101 4292 1339 1361 
variation100111110 4220 2932 3015 
variation100111111 4220 1248 1256 
variation101000000 10276 1300 1015 
variation101000001 10328 1326 994 
variation101000010 10256 1458 1183 
variation101000011 10260 1453 1157 
variation101000100 10364 1517 1239 
variation101000101 10212 1795 1497 
variation101000110 10184 1793 1546 
variation101000111 10200 1736 1477 
variation101001000 10432 1166 893 
variation101001001 10060 1230 983 
variation101001010 10028 1253 980 
variation101001011 10040 1425 1095 
variation101001100 10472 1503 1124 
variation101001101 10052 1382 1082 
variation101001110 10028 1578 1315 
variation101001111 10140 1582 1174 
variation101010000 13756 3995 3378 
variation101010001 12788 3822 3309 
variation101010010 12796 4071 3424 
variation101010011 12760 3790 3211 
variation101010100 15396 5010 4396 
variation101010101 13504 1997 1916 
variation101010110 12728 4322 3787 
variation101010111 12784 1654 1391 
variation101011000 13056 3918 3353 
variation101011001 12748 3572 3039 
variation101011010 12696 3896 3343 
variation101011011 13144 4114 3418 
variation101011100 12756 4311 3792 
variation101011101 13408 1719 1455 
variation101011110 13536 5043 4281 
variation101011111 12720 1421 1140 
variation101100000 10240 1291 1036 
variation101100001 10236 1337 975 
variation101100010 10220 1439 1429 
variation101100011 10588 1393 1110 
variation101100100 10292 1512 1178 
variation101100101 10296 1599 1314 
variation101100110 10324 1760 1525 
variation101100111 10464 1765 1520 
variation101101000 10432 1171 891 
variation101101001 10060 1223 949 
variation101101010 10152 1272 956 
variation101101011 10108 1323 982 
variation101101100 10160 1341 1052 
variation101101101 10144 1404 1089 
variation101101110 10060 1593 1272 
variation101101111 10060 1580 1272 
variation101110000 12808 4406 3755 
variation101110001 12852 4241 3497 
variation101110010 12856 4432 3428 
variation101110011 12896 3734 3303 
variation101110100 13408 4928 4333 
variation101110101 12776 2001 1761 
variation101110110 12784 4285 3653 
variation101110111 13040 1645 1372 
variation101111000 12632 4275 3731 
variation101111001 12700 3720 3119 
variation101111010 13004 3894 3331 
variation101111011 12868 4179 3492 
variation101111100 12628 4293 3639 
variation101111101 13092 1694 1455 
variation101111110 12612 4650 3941 
variation101111111 12700 1370 1136 
variation110000000 20812 1417 956 
variation110000001 20956 1688 1254 
variation110000010 22916 1560 1184 
variation110000011 21048 1535 1195 
variation110000100 20896 1916 1797 
variation110000101 21160 2317 1998 
variation110000110 21704 2526 2284 
variation110000111 21076 2432 2162 
variation110001000 21800 1355 947 
variation110001001 26216 1536 1216 
variation110001010 23296 1727 1312 
variation110001011 21152 1751 1376 
variation110001100 21092 2311 2021 
variation110001101 21048 2411 2091 
variation110001110 21060 2740 2458 
variation110001111 21216 2739 2408 
variation110010000 3516 737 734 
variation110010001 3552 1967 1989 
variation110010010 3600 2025 2010 
variation110010011 3616 984 1011 
variation110010100 4444 1709 1726 
variation110010101 3628 1060 1047 
variation110010110 2712 1180 1129 
variation110010111 2764 940 929 
variation110011000 3580 1226 1228 
variation110011001 3612 942 994 
variation110011010 3680 1100 1175 
variation110011011 3720 1007 977 
variation110011100 3596 1113 1130 
variation110011101 3728 1025 1001 
variation110011110 2836 1501 1375 
variation110011111 2928 1044 1041 
variation110100000 26128 1526 996 
variation110100001 20912 2667 2221 
variation110100010 23096 1589 1181 
variation110100011 20956 1528 1195 
variation110100100 20956 1903 1786 
variation110100101 20948 2361 2048 
variation110100110 21052 3441 3144 
variation110100111 21000 2505 2242 
variation110101000 21044 1681 1294 
variation110101001 21020 1519 1223 
variation110101010 22988 1722 1311 
variation110101011 21160 1840 1387 
variation110101100 21608 2070 1927 
variation110101101 20984 2434 2065 
variation110101110 21188 3790 3466 
variation110101111 22360 2671 2310 
variation110110000 3540 901 753 
variation110110001 3560 964 960 
variation110110010 3604 1007 1009 
variation110110011 3560 1031 993 
variation110110100 3508 1660 1060 
variation110110101 3636 998 1006 
variation110110110 2708 1154 1108 
variation110110111 2736 1153 952 
variation110111000 3608 929 926 
variation110111001 3636 941 932 
variation110111010 3700 1235 1079 
variation110111011 3644 996 986 
variation110111100 3580 1074 1091 
variation110111101 3660 1095 1074 
variation110111110 2764 1404 1456 
variation110111111 2756 1247 1206 
variation111000000 19860 1729 1218 
variation111000001 19816 1741 1300 
variation111000010 19784 1833 1402 
variation111000011 20132 1631 1345 
variation111000100 20024 2427 2161 
variation111000101 25768 2457 2177 
variation111000110 19628 2617 2281 
variation111000111 22220 2360 2096 
variation111001000 19884 1617 1085 
variation111001001 19608 1516 1136 
variation111001010 19888 1523 1272 
variation111001011 19908 1576 1231 
variation111001100 19696 2395 1996 
variation111001101 19756 2247 1851 
variation111001110 19576 2418 2026 
variation111001111 19588 2212 1872 
variation111010000 736 954 960 
variation111010001 732 959 982 
variation111010010 736 921 916 
variation111010011 728 711 724 
variation111010100 732 900 882 
variation111010101 740 1037 1042 
variation111010110 736 988 1004 
variation111010111 744 828 830 
variation111011000 652 1014 982 
variation111011001 620 597 615 
variation111011010 624 886 885 
variation111011011 604 595 504 
variation111011100 628 1122 1016 
variation111011101 620 873 917 
variation111011110 620 828 816 
variation111011111 596 675 667 
variation111100000 19752 1552 1273 
variation111100001 19704 1825 1310 
variation111100010 19724 1883 1372 
variation111100011 19724 1774 1298 
variation111100100 19916 2520 2172 
variation111100101 20192 2461 2195 
variation111100110 19672 2625 2233 
variation111100111 19784 2344 2108 
variation111101000 19600 1529 1183 
variation111101001 19760 1486 1155 
variation111101010 19628 1634 1289 
variation111101011 19748 1591 1256 
variation111101100 19688 2498 1941 
variation111101101 19636 2246 1858 
variation111101110 19488 2577 2173 
variation111101111 19596 2209 1933 
variation111110000 732 853 860 
variation111110001 736 912 923 
variation111110010 736 942 950 
variation111110011 720 873 875 
variation111110100 740 1128 1133 
variation111110101 728 1075 1104 
variation111110110 728 1211 1202 
variation111110111 716 723 695 
variation111111000 616 1107 1124 
variation111111001 636 621 623 
variation111111010 640 918 920 
variation111111011 616 606 609 
variation111111100 644 959 864 
variation111111101 612 883 915 
variation111111110 620 813 815 
variation111111111 604 665 669 
