variation000000 4324 5398 5437 
variation000001 36208 14510 13564 
variation000010 155676 35912 37108 
variation000011 153136 44457 35801 
variation000100 4308 6468 5434 
variation000101 38684 11036 9947 
variation000110 154800 36492 32921 
variation000111 152004 40413 37326 
variation001000 18612 10877 10351 
variation001001 50768 16127 17376 
variation001010 186960 44779 40417 
variation001011 177688 44683 38009 
variation001100 19300 9122 7788 
variation001101 58912 15602 13641 
variation001110 168124 44115 39917 
variation001111 185180 44157 36133 
variation010000 369492 148392 148159 
variation010001 379704 175570 169171 
variation010010 420268 194731 183809 
variation010011 414128 192000 186153 
variation010100 360540 168475 168129 
variation010101 382336 179259 172047 
variation010110 427572 210006 205439 
variation010111 405892 192500 191762 
variation011000 374416 189075 183730 
variation011001 390584 190596 190266 
variation011010 425344 201243 189205 
variation011011 414280 187032 183470 
variation011100 367208 279648 166206 
variation011101 390852 176171 179373 
variation011110 429904 189117 184745 
variation011111 423700 182960 179992 
variation100000 293824 154631 151904 
variation100001 322368 148932 147290 
variation100010 347352 139610 137271 
variation100011 341288 145110 143806 
variation100100 300900 155256 153538 
variation100101 319084 152437 150685 
variation100110 350468 156905 153220 
variation100111 354564 159318 161316 
variation101000 292952 141269 141239 
variation101001 319192 142897 141634 
variation101010 349836 131631 130812 
variation101011 356768 148869 147442 
variation101100 310872 141778 140779 
variation101101 324212 155665 155203 
variation101110 342820 146646 144055 
variation101111 346864 148244 148314 
variation110000 48844 15151 13914 
variation110001 51364 19160 13563 
variation110010 18476 12547 13711 
variation110011 7204 6341 6195 
variation110100 44476 18861 14867 
variation110101 54196 19351 13739 
variation110110 16868 12123 13759 
variation110111 6732 8191 7936 
variation111000 41484 17856 12035 
variation111001 47316 16594 12601 
variation111010 13228 11079 13012 
variation111011 2760 8691 8837 
variation111100 41156 17766 13821 
variation111101 49828 18618 11825 
variation111110 13372 11370 12877 
variation111111 2800 6779 7068 
