variation00000000 592 623 621 
variation00000001 7664 1340 1401 
variation00000010 7824 1762 1743 
variation00000011 14528 2946 2508 
variation00000100 2956 794 775 
variation00000101 9036 1371 1369 
variation00000110 10116 1868 1895 
variation00000111 15412 3127 2797 
variation00001000 3300 757 750 
variation00001001 9944 1522 1485 
variation00001010 10500 2197 1985 
variation00001011 16108 3223 2876 
variation00001100 3732 832 820 
variation00001101 9608 1358 1324 
variation00001110 11432 2111 1962 
variation00001111 16116 3099 2755 
variation00010000 4424 1268 1252 
variation00010001 4504 1768 1784 
variation00010010 3488 1031 1018 
variation00010011 2260 888 867 
variation00010100 8484 1854 2000 
variation00010101 6424 1665 1876 
variation00010110 6456 1131 1117 
variation00010111 4040 931 889 
variation00011000 7356 2308 2283 
variation00011001 6512 1837 1793 
variation00011010 5852 1930 1790 
variation00011011 3928 1297 1266 
variation00011100 7864 2134 2304 
variation00011101 5996 1421 1349 
variation00011110 6452 1677 1794 
variation00011111 3544 955 929 
variation00100000 788 952 948 
variation00100001 8348 1784 1849 
variation00100010 6780 1711 1573 
variation00100011 13268 2514 2376 
variation00100100 3592 1032 1022 
variation00100101 9740 1635 1447 
variation00100110 9504 1899 1681 
variation00100111 14308 2693 2469 
variation00101000 3992 1048 1036 
variation00101001 10412 1764 1632 
variation00101010 10636 1833 1688 
variation00101011 15348 2774 2592 
variation00101100 4276 1070 1060 
variation00101101 10868 1792 1671 
variation00101110 10552 1705 1504 
variation00101111 15656 2662 2446 
variation00110000 4764 1569 1593 
variation00110001 5600 1923 1904 
variation00110010 2612 803 795 
variation00110011 1656 679 681 
variation00110100 8424 2155 2273 
variation00110101 7516 2138 2213 
variation00110110 5440 953 912 
variation00110111 3388 745 706 
variation00111000 8240 2540 2539 
variation00111001 6832 2066 2021 
variation00111010 5304 1633 1612 
variation00111011 3212 1063 1025 
variation00111100 8220 2387 2564 
variation00111101 7008 1683 1602 
variation00111110 5524 1449 1556 
variation00111111 2736 708 712 
variation01000000 524 628 642 
variation01000001 7224 1397 1493 
variation01000010 7624 1758 1649 
variation01000011 14224 2833 2658 
variation01000100 2764 803 785 
variation01000101 9028 1427 1305 
variation01000110 10348 2083 1895 
variation01000111 15564 3190 2764 
variation01001000 3292 728 736 
variation01001001 10912 1391 1432 
variation01001010 10712 2141 1932 
variation01001011 16640 3098 2963 
variation01001100 3696 841 819 
variation01001101 10688 1386 1325 
variation01001110 10884 2145 1966 
variation01001111 15680 3086 2709 
variation01010000 4412 1291 1283 
variation01010001 4916 1801 1786 
variation01010010 3604 941 952 
variation01010011 2424 890 874 
variation01010100 8208 1354 1361 
variation01010101 6668 1184 1178 
variation01010110 6300 1215 1220 
variation01010111 3984 936 888 
variation01011000 8496 2203 2188 
variation01011001 6564 1851 1794 
variation01011010 6680 1789 1746 
variation01011011 4008 1230 1209 
variation01011100 8020 2140 2247 
variation01011101 5528 1244 1215 
variation01011110 6336 1281 1278 
variation01011111 3620 883 878 
variation01100000 808 871 866 
variation01100001 7912 1769 1790 
variation01100010 7008 1738 1438 
variation01100011 12792 2501 2388 
variation01100100 3232 1043 1040 
variation01100101 9860 1803 1691 
variation01100110 9368 1876 1711 
variation01100111 15428 2679 2506 
variation01101000 3876 1060 1032 
variation01101001 11516 1853 1875 
variation01101010 9728 1818 1667 
variation01101011 15312 2852 2646 
variation01101100 4300 1067 1081 
variation01101101 10272 1576 1516 
variation01101110 10508 1843 1492 
variation01101111 15128 2520 2620 
variation01110000 5100 1639 1612 
variation01110001 5284 2167 2067 
variation01110010 2648 778 783 
variation01110011 1544 693 700 
variation01110100 8264 1580 1665 
variation01110101 6984 1516 1510 
variation01110110 5612 935 921 
variation01110111 3232 732 726 
variation01111000 8264 2527 2459 
variation01111001 6904 2018 2074 
variation01111010 5764 1676 1607 
variation01111011 3080 1034 1014 
variation01111100 8368 2366 2504 
variation01111101 6260 1428 1398 
variation01111110 5528 1013 973 
variation01111111 2668 695 713 
variation10000000 3908 1205 1152 
variation10000001 11608 2343 2081 
variation10000010 11484 2477 2622 
variation10000011 16788 3801 3527 
variation10000100 6460 1451 1356 
variation10000101 12840 2222 2188 
variation10000110 14024 2862 2656 
variation10000111 18828 3835 3522 
variation10001000 4904 1161 1098 
variation10001001 11732 2339 2164 
variation10001010 12020 2886 2471 
variation10001011 17820 3901 3447 
variation10001100 5532 1301 1218 
variation10001101 11504 2186 2017 
variation10001110 12752 2439 2255 
variation10001111 16964 3582 3259 
variation10010000 4152 1293 1311 
variation10010001 4324 1436 1445 
variation10010010 3456 925 926 
variation10010011 2176 891 842 
variation10010100 7412 1659 1940 
variation10010101 6320 1563 1669 
variation10010110 6084 1125 1068 
variation10010111 3692 976 936 
variation10011000 4212 1367 1346 
variation10011001 4028 1118 1100 
variation10011010 3272 1000 1132 
variation10011011 1440 808 852 
variation10011100 5256 1338 1295 
variation10011101 3416 1063 1055 
variation10011110 3684 1096 1085 
variation10011111 1144 808 770 
variation10100000 4372 1650 1637 
variation10100001 11424 3129 2939 
variation10100010 10232 2493 2315 
variation10100011 15944 3363 3078 
variation10100100 7076 1959 1952 
variation10100101 13968 2902 2992 
variation10100110 13424 2718 2508 
variation10100111 18008 3246 2806 
variation10101000 6228 1701 1660 
variation10101001 12596 3088 2878 
variation10101010 11568 2497 2293 
variation10101011 17252 3472 3115 
variation10101100 5824 1815 1782 
variation10101101 11928 2923 2715 
variation10101110 11896 2468 2314 
variation10101111 16352 3224 2915 
variation10110000 4996 1585 1576 
variation10110001 5008 1708 1695 
variation10110010 2376 821 798 
variation10110011 1228 665 680 
variation10110100 8248 1915 2237 
variation10110101 6404 1849 2134 
variation10110110 4936 910 927 
variation10110111 2824 725 700 
variation10111000 4956 1636 1651 
variation10111001 4364 1452 1440 
variation10111010 2300 822 809 
variation10111011 760 613 615 
variation10111100 5672 1600 1660 
variation10111101 4228 1335 1335 
variation10111110 2784 889 884 
variation10111111 468 616 625 
variation11000000 3904 1207 1112 
variation11000001 10836 2213 2183 
variation11000010 11104 2841 2252 
variation11000011 17064 3865 3639 
variation11000100 6200 1417 1419 
variation11000101 13740 2323 2294 
variation11000110 13756 2838 2658 
variation11000111 18644 3933 3512 
variation11001000 5124 1203 1138 
variation11001001 11324 2188 1996 
variation11001010 11828 2553 2591 
variation11001011 17532 3678 3398 
variation11001100 5292 1315 1240 
variation11001101 10896 2057 1973 
variation11001110 12344 2572 2238 
variation11001111 16832 3591 3407 
variation11010000 4280 1270 1280 
variation11010001 4432 1463 1443 
variation11010010 3228 950 978 
variation11010011 2040 857 837 
variation11010100 7864 1360 1328 
variation11010101 5960 1185 1150 
variation11010110 6296 1106 1145 
variation11010111 3672 924 889 
variation11011000 4432 1392 1387 
variation11011001 3764 1105 1215 
variation11011010 3252 1205 1177 
variation11011011 1436 881 854 
variation11011100 5132 1293 1257 
variation11011101 3488 1077 1112 
variation11011110 3756 1085 1072 
variation11011111 1180 846 812 
variation11100000 4320 1673 1634 
variation11100001 11172 3109 2937 
variation11100010 9596 2453 2325 
variation11100011 17344 3385 3139 
variation11100100 6796 1966 1926 
variation11100101 13772 2926 3001 
variation11100110 12856 2687 2501 
variation11100111 17528 3288 3159 
variation11101000 6320 1725 1677 
variation11101001 12328 3148 2933 
variation11101010 11292 2466 2324 
variation11101011 16604 3551 3108 
variation11101100 5604 1777 1777 
variation11101101 11596 2997 2743 
variation11101110 11552 2506 2394 
variation11101111 16676 3318 3085 
variation11110000 4856 1582 1572 
variation11110001 5084 1685 1652 
variation11110010 2344 771 768 
variation11110011 1172 664 668 
variation11110100 8292 1593 1623 
variation11110101 7080 1467 1439 
variation11110110 5384 927 920 
variation11110111 2816 709 698 
variation11111000 4868 1647 1656 
variation11111001 4452 1454 1414 
variation11111010 2344 812 800 
variation11111011 752 609 618 
variation11111100 5968 1559 1572 
variation11111101 3872 1309 1332 
variation11111110 2860 898 872 
variation11111111 460 623 616 
