variation0000000  36796   22044   22576
variation0000001  325568  62498   62433
variation0000010  35340   21071   21700
variation0000011  340500  66687   68168
variation0000100  36348   22408   21752
variation0000101  328704  80157   71606
variation0000110  35576   22870   22019
variation0000111  335636  86485   83107
variation0001000  34984   22470   21446
variation0001001  351088  63298   62914
variation0001010  35272   22137   21665
variation0001011  337068  69727   66990
variation0001100  35444   21896   22003
variation0001101  365992  87017   81579
variation0001110  32828   22102   22108
variation0001111  333764  87122   80936
variation0010000  791012  132216  123866
variation0010001  475876  87516   86485
variation0010010  821420  153984  160479
variation0010011  451368  85076   84491
variation0010100  839916  152373  153757
variation0010101  452336  66402   68118
variation0010110  826508  152246  149424
variation0010111  450656  83448   84567
variation0011000  815264  124694  133241
variation0011001  470920  73048   73589
variation0011010  810608  132063  134345
variation0011011  483976  71001   71608
variation0011100  797860  116399  120294
variation0011101  485172  71029   72415
variation0011110  820736  150331  152247
variation0011111  448112  72433   74554
variation0100000  35700   22412   22024
variation0100001  212052  55291   56311
variation0100010  35184   22146   22015
variation0100011  210380  56727   56018
variation0100100  35364   22394   22854
variation0100101  213976  62444   60031
variation0100110  34572   22156   23100
variation0100111  214648  63447   61402
variation0101000  35908   22725   22275
variation0101001  214044  55817   56032
variation0101010  36452   23242   22199
variation0101011  237816  57505   57318
variation0101100  36572   21910   21884
variation0101101  217448  58990   58742
variation0101110  38728   22045   23036
variation0101111  219656  56504   57741
variation0110000  481496  101202  103151
variation0110001  282640  60313   61380
variation0110010  482552  98339   102295
variation0110011  286880  60384   60082
variation0110100  494396  95529   99583
variation0110101  283660  60304   58818
variation0110110  507168  97639   97376
variation0110111  277248  62438   59637
variation0111000  472372  91988   93996
variation0111001  281140  55054   55145
variation0111010  475356  98282   103292
variation0111011  294156  55479   58245
variation0111100  501180  99147   107886
variation0111101  287448  60311   61407
variation0111110  481104  95563   101565
variation0111111  287108  59120   60281
variation1000000  458104  70249   65545
variation1000001  800044  109051  106119
variation1000010  443448  64634   61281
variation1000011  777804  118471  107591
variation1000100  472868  75892   72834
variation1000101  810528  156082  153250
variation1000110  448028  73588   78819
variation1000111  792340  167731  162427
variation1001000  446892  64795   64991
variation1001001  823864  115410  115825
variation1001010  467280  71661   66666
variation1001011  830032  117668  118115
variation1001100  470604  74377   75019
variation1001101  832312  135169  135258
variation1001110  480476  66512   65425
variation1001111  848084  111872  112590
variation1010000  335644  113906  110830
variation1010001  37408   22475   22638
variation1010010  355960  100310  99556
variation1010011  39004   21994   21978
variation1010100  345072  107706  96757
variation1010101  36728   21621   22503
variation1010110  341876  101924  97310
variation1010111  35596   21425   22285
variation1011000  336880  106658  103463
variation1011001  37060   22242   23464
variation1011010  331444  111564  104583
variation1011011  37292   22894   21611
variation1011100  344724  86092   83387
variation1011101  40588   22447   22655
variation1011110  343584  102774  99012
variation1011111  40716   22647   22358
variation1100000  278368  62333   60634
variation1100001  505324  93727   93600
variation1100010  282468  59565   57181
variation1100011  490588  99180   99268
variation1100100  286100  58440   54528
variation1100101  485516  89210   89231
variation1100110  290268  57461   53418
variation1100111  477968  94779   90456
variation1101000  295692  56722   55622
variation1101001  477804  97303   91808
variation1101010  283908  60394   60459
variation1101011  510148  90828   92434
variation1101100  292460  56265   57287
variation1101101  476264  86409   89284
variation1101110  283884  55765   55832
variation1101111  499024  88587   89103
variation1110000  203544  54943   55748
variation1110001  36208   22146   21564
variation1110010  208852  54205   53958
variation1110011  36120   22486   22762
variation1110100  210208  54832   54025
variation1110101  35316   20913   20924
variation1110110  203024  55484   53362
variation1110111  36196   21577   21724
variation1111000  214108  55036   56695
variation1111001  35156   23133   22248
variation1111010  225556  54994   57020
variation1111011  37580   21979   21403
variation1111100  218276  55158   53884
variation1111101  35796   21639   21226
variation1111110  213740  52534   55846
variation1111111  34692   21776   22051
