variation0000000000 192 231 254 
variation0000000001 3244 544 531 
variation0000000010 1044 339 323 
variation0000000011 3676 960 897 
variation0000000100 5024 1242 939 
variation0000000101 8924 2690 1837 
variation0000000110 5620 1448 1346 
variation0000000111 8176 2074 2526 
variation0000001000 632 289 297 
variation0000001001 3172 779 718 
variation0000001010 976 338 338 
variation0000001011 3360 912 825 
variation0000001100 5360 1354 1229 
variation0000001101 7964 2095 1906 
variation0000001110 6492 1529 1424 
variation0000001111 7684 2094 1897 
variation0000010000 328 247 262 
variation0000010001 3072 793 729 
variation0000010010 980 383 383 
variation0000010011 3884 1025 943 
variation0000010100 5132 1174 1024 
variation0000010101 7740 1890 1820 
variation0000010110 6488 1687 1561 
variation0000010111 9632 2326 2121 
variation0000011000 636 333 326 
variation0000011001 3032 837 742 
variation0000011010 988 357 337 
variation0000011011 3336 861 905 
variation0000011100 6660 1482 1329 
variation0000011101 7424 2645 1784 
variation0000011110 6552 2180 1473 
variation0000011111 7920 2192 2022 
variation0000100000 10664 1251 1127 
variation0000100001 12536 1434 1280 
variation0000100010 10700 1902 1380 
variation0000100011 13064 1748 2246 
variation0000100100 13856 1794 1657 
variation0000100101 18524 2205 1913 
variation0000100110 14952 2167 1969 
variation0000100111 17056 2445 2171 
variation0000101000 11692 1374 1254 
variation0000101001 12852 1503 1335 
variation0000101010 11304 1564 1326 
variation0000101011 12864 2003 1515 
variation0000101100 15340 1957 1918 
variation0000101101 16208 2109 2033 
variation0000101110 15676 2390 1974 
variation0000101111 18124 2229 1989 
variation0000110000 9952 1595 1095 
variation0000110001 13584 1599 1418 
variation0000110010 10588 1440 1317 
variation0000110011 13820 1806 1691 
variation0000110100 13920 1900 1730 
variation0000110101 16616 2219 2081 
variation0000110110 14456 2662 2157 
variation0000110111 17280 2426 2167 
variation0000111000 10280 1344 1186 
variation0000111001 11912 1392 1271 
variation0000111010 10752 1496 1337 
variation0000111011 12588 1567 1506 
variation0000111100 14504 2058 1814 
variation0000111101 16940 2242 2068 
variation0000111110 15220 2119 2027 
variation0000111111 18528 2283 2091 
variation0001000000 1504 301 280 
variation0001000001 1644 423 403 
variation0001000010 2520 660 605 
variation0001000011 2300 865 1093 
variation0001000100 6516 1364 1169 
variation0001000101 7144 1598 1906 
variation0001000110 6876 2143 1845 
variation0001000111 7204 2825 2090 
variation0001001000 2048 522 478 
variation0001001001 1688 588 561 
variation0001001010 2324 683 625 
variation0001001011 2132 671 601 
variation0001001100 6896 1861 1653 
variation0001001101 6740 1721 1547 
variation0001001110 7116 2062 1854 
variation0001001111 6660 1755 1684 
variation0001010000 1628 469 431 
variation0001010001 1760 594 732 
variation0001010010 2208 683 665 
variation0001010011 2388 914 820 
variation0001010100 6204 1652 1474 
variation0001010101 6388 1816 1598 
variation0001010110 6992 2933 2056 
variation0001010111 7036 2792 2026 
variation0001011000 1908 587 744 
variation0001011001 2108 600 584 
variation0001011010 2260 662 623 
variation0001011011 2068 646 624 
variation0001011100 6384 2169 2594 
variation0001011101 6500 2052 1795 
variation0001011110 7220 2109 1996 
variation0001011111 7712 1960 1769 
variation0001100000 11544 1377 1181 
variation0001100001 11612 1687 1404 
variation0001100010 14540 1587 1426 
variation0001100011 12060 1690 1717 
variation0001100100 15156 2142 1848 
variation0001100101 14644 2574 1985 
variation0001100110 18616 2123 2072 
variation0001100111 15812 2411 2213 
variation0001101000 11808 1395 1279 
variation0001101001 11560 1454 1387 
variation0001101010 11932 1602 1623 
variation0001101011 11544 1676 2092 
variation0001101100 15792 2070 1972 
variation0001101101 15900 2160 2052 
variation0001101110 15864 2276 2026 
variation0001101111 15424 2211 2118 
variation0001110000 11292 1388 1143 
variation0001110001 11436 1471 1323 
variation0001110010 12252 1627 1385 
variation0001110011 11876 1804 2191 
variation0001110100 15176 2026 1899 
variation0001110101 15520 2222 1977 
variation0001110110 16336 2173 1997 
variation0001110111 16752 2328 2271 
variation0001111000 11492 1346 1208 
variation0001111001 11648 1599 1370 
variation0001111010 11744 1627 1378 
variation0001111011 12036 1682 1572 
variation0001111100 16128 2138 1989 
variation0001111101 15244 2211 2038 
variation0001111110 16304 2257 1994 
variation0001111111 15472 2320 2837 
variation0010000000 4120 911 824 
variation0010000001 7108 1780 1563 
variation0010000010 4940 1281 1164 
variation0010000011 7560 1971 1755 
variation0010000100 8524 1869 1718 
variation0010000101 10856 3092 3488 
variation0010000110 9160 2559 2276 
variation0010000111 12148 3465 3212 
variation0010001000 4384 1030 980 
variation0010001001 8084 1676 1662 
variation0010001010 4688 1262 1472 
variation0010001011 6972 2043 1796 
variation0010001100 8784 2411 2152 
variation0010001101 10932 2949 2763 
variation0010001110 9052 2729 2304 
variation0010001111 11084 3314 2931 
variation0010010000 4068 883 830 
variation0010010001 6756 1812 1681 
variation0010010010 4660 1306 1133 
variation0010010011 7284 2111 1820 
variation0010010100 9152 2062 1849 
variation0010010101 11028 3288 2735 
variation0010010110 9376 2694 2300 
variation0010010111 11600 3514 2982 
variation0010011000 4432 1196 1065 
variation0010011001 6668 2221 1660 
variation0010011010 4736 1322 1177 
variation0010011011 7916 2044 1708 
variation0010011100 8864 2631 2212 
variation0010011101 11712 4266 2835 
variation0010011110 9440 2824 2320 
variation0010011111 11296 2867 2710 
variation0010100000 13160 1762 1527 
variation0010100001 15644 2029 1855 
variation0010100010 14372 2359 1751 
variation0010100011 16264 2155 2075 
variation0010100100 16876 2333 2009 
variation0010100101 19332 2556 2213 
variation0010100110 19424 2538 2270 
variation0010100111 20860 2830 2505 
variation0010101000 13016 1998 1753 
variation0010101001 15544 2054 1835 
variation0010101010 13760 1981 1819 
variation0010101011 15448 2113 2435 
variation0010101100 18356 2455 2184 
variation0010101101 19916 3033 2270 
variation0010101110 17980 2627 3039 
variation0010101111 22052 2701 2308 
variation0010110000 13688 1799 1607 
variation0010110001 16432 2141 2375 
variation0010110010 14012 2021 1829 
variation0010110011 16152 2193 2812 
variation0010110100 16352 3000 2095 
variation0010110101 19992 2607 2178 
variation0010110110 17288 3044 2237 
variation0010110111 25652 2696 3312 
variation0010111000 13932 1798 1681 
variation0010111001 17752 2089 1851 
variation0010111010 13684 2013 1901 
variation0010111011 15820 2220 2006 
variation0010111100 17944 2397 2076 
variation0010111101 19764 2436 2214 
variation0010111110 17352 2498 2297 
variation0010111111 26972 2685 2283 
variation0011000000 5060 1059 1060 
variation0011000001 5264 1373 1352 
variation0011000010 5760 1487 1948 
variation0011000011 5780 1643 1513 
variation0011000100 9380 2496 2207 
variation0011000101 9472 3038 2362 
variation0011000110 10364 2899 2550 
variation0011000111 10752 3360 2882 
variation0011001000 5504 1483 1323 
variation0011001001 5496 1463 1336 
variation0011001010 5892 1573 1434 
variation0011001011 5664 1454 1267 
variation0011001100 9688 2789 2454 
variation0011001101 9704 3243 2376 
variation0011001110 10296 2761 2416 
variation0011001111 9588 2630 2319 
variation0011010000 4936 1107 1042 
variation0011010001 5372 1496 1332 
variation0011010010 5556 1633 1404 
variation0011010011 6088 1753 1518 
variation0011010100 9584 2336 2124 
variation0011010101 9900 2691 2166 
variation0011010110 10368 3174 2615 
variation0011010111 10016 2991 2613 
variation0011011000 5244 1390 1244 
variation0011011001 5312 1398 1272 
variation0011011010 5576 1515 1374 
variation0011011011 5512 1535 1268 
variation0011011100 9736 3052 2764 
variation0011011101 10964 3108 2459 
variation0011011110 9876 2795 2379 
variation0011011111 9544 2611 2237 
variation0011100000 18072 1731 1605 
variation0011100001 15572 1993 1841 
variation0011100010 15424 1949 1823 
variation0011100011 15360 2136 2141 
variation0011100100 17836 2246 2071 
variation0011100101 17332 2485 2184 
variation0011100110 18708 2600 2237 
variation0011100111 19168 2655 2395 
variation0011101000 17416 1909 1830 
variation0011101001 13620 1961 1794 
variation0011101010 14924 2122 1825 
variation0011101011 14660 2131 1902 
variation0011101100 19028 2399 2120 
variation0011101101 18228 2567 2185 
variation0011101110 19400 2687 2396 
variation0011101111 18388 2547 2367 
variation0011110000 13704 1744 1603 
variation0011110001 13756 1992 1873 
variation0011110010 17516 2135 2450 
variation0011110011 14944 2219 1992 
variation0011110100 18140 2369 2017 
variation0011110101 18208 2500 2244 
variation0011110110 19016 2598 2200 
variation0011110111 19284 2842 2494 
variation0011111000 14684 1911 1704 
variation0011111001 15108 2009 1759 
variation0011111010 14748 2008 1876 
variation0011111011 13868 2040 1869 
variation0011111100 18604 2489 2119 
variation0011111101 18100 2420 2129 
variation0011111110 19444 3407 2307 
variation0011111111 19264 2686 3156 
variation0100000000 13860 4089 4553 
variation0100000001 15300 4865 3873 
variation0100000010 14944 4114 3393 
variation0100000011 15144 3945 3538 
variation0100000100 12260 3622 2862 
variation0100000101 13692 4136 3425 
variation0100000110 12148 3468 2771 
variation0100000111 13204 3673 3060 
variation0100001000 14552 4373 3820 
variation0100001001 15748 4686 4814 
variation0100001010 13644 3532 2757 
variation0100001011 15128 3554 3209 
variation0100001100 12692 3557 2830 
variation0100001101 19228 4088 3173 
variation0100001110 12152 3989 2578 
variation0100001111 18528 2957 2684 
variation0100010000 14420 3640 3740 
variation0100010001 15840 4574 3932 
variation0100010010 14140 4182 3579 
variation0100010011 16080 4112 3399 
variation0100010100 12064 3263 2639 
variation0100010101 16540 4296 3539 
variation0100010110 12112 3511 2870 
variation0100010111 13928 3817 3948 
variation0100011000 14996 4322 3657 
variation0100011001 21888 4180 3640 
variation0100011010 13664 3607 2953 
variation0100011011 16372 3786 3160 
variation0100011100 13348 3955 3179 
variation0100011101 14208 4037 2987 
variation0100011110 12536 3138 2398 
variation0100011111 13256 3081 2726 
variation0100100000 9512 1269 1154 
variation0100100001 10136 1356 1304 
variation0100100010 9456 1610 1080 
variation0100100011 9276 1045 1047 
variation0100100100 5552 784 718 
variation0100100101 6024 754 723 
variation0100100110 5360 737 673 
variation0100100111 5336 725 657 
variation0100101000 9420 1344 1255 
variation0100101001 9980 1197 1265 
variation0100101010 10136 1114 1412 
variation0100101011 9236 1039 952 
variation0100101100 6708 892 843 
variation0100101101 6420 776 809 
variation0100101110 5436 763 632 
variation0100101111 5420 662 628 
variation0100110000 10032 1213 1593 
variation0100110001 10292 1214 1182 
variation0100110010 8580 1091 1314 
variation0100110011 9312 1152 934 
variation0100110100 5352 775 714 
variation0100110101 6108 793 770 
variation0100110110 5444 731 671 
variation0100110111 5888 692 637 
variation0100111000 9724 1351 1256 
variation0100111001 9832 1359 1201 
variation0100111010 9280 1098 965 
variation0100111011 9440 1033 943 
variation0100111100 5844 874 774 
variation0100111101 6252 780 699 
variation0100111110 5328 742 641 
variation0100111111 5232 595 571 
variation0101000000 15676 5049 4316 
variation0101000001 15128 4166 3400 
variation0101000010 14924 4362 3641 
variation0101000011 14116 3728 3247 
variation0101000100 13420 4044 3184 
variation0101000101 12504 4958 3043 
variation0101000110 13092 3966 3428 
variation0101000111 12108 3757 2927 
variation0101001000 15860 4746 5323 
variation0101001001 14000 4416 3707 
variation0101001010 15156 4592 3829 
variation0101001011 14332 3290 3005 
variation0101001100 14828 4125 3377 
variation0101001101 12468 3596 3002 
variation0101001110 12844 3920 3295 
variation0101001111 11656 2764 2419 
variation0101010000 15460 4749 4069 
variation0101010001 14544 4270 3604 
variation0101010010 14736 4785 3712 
variation0101010011 13916 3844 3026 
variation0101010100 13620 4278 3538 
variation0101010101 11852 3772 2910 
variation0101010110 12632 3981 3174 
variation0101010111 12344 3563 3090 
variation0101011000 16444 4906 4178 
variation0101011001 13940 4260 3581 
variation0101011010 14540 4650 4035 
variation0101011011 13708 3394 3101 
variation0101011100 13652 4226 3528 
variation0101011101 12508 3900 3211 
variation0101011110 12716 3926 3659 
variation0101011111 12008 2558 2300 
variation0101100000 10412 1306 1210 
variation0101100001 8632 1140 1059 
variation0101100010 9792 1149 1051 
variation0101100011 8432 1008 883 
variation0101100100 6868 819 721 
variation0101100101 4620 714 653 
variation0101100110 6488 1028 695 
variation0101100111 4480 620 575 
variation0101101000 10328 1437 1697 
variation0101101001 8764 1112 1475 
variation0101101010 9360 1254 1490 
variation0101101011 7844 970 794 
variation0101101100 6660 902 844 
variation0101101101 4956 685 655 
variation0101101110 7828 736 772 
variation0101101111 4680 521 521 
variation0101110000 10752 1350 1246 
variation0101110001 9520 1108 1012 
variation0101110010 12316 1089 987 
variation0101110011 7912 963 845 
variation0101110100 6596 883 735 
variation0101110101 4820 708 667 
variation0101110110 6264 741 694 
variation0101110111 4244 655 598 
variation0101111000 11012 1849 1212 
variation0101111001 8436 1166 1362 
variation0101111010 9852 1089 952 
variation0101111011 8160 877 739 
variation0101111100 6936 916 821 
variation0101111101 4692 701 627 
variation0101111110 5864 759 683 
variation0101111111 3916 541 479 
variation0110000000 12608 3787 2849 
variation0110000001 14020 4385 3637 
variation0110000010 12796 3664 2990 
variation0110000011 14124 5518 3713 
variation0110000100 13580 3082 2570 
variation0110000101 11892 3083 2682 
variation0110000110 9760 2841 2403 
variation0110000111 11924 3426 2603 
variation0110001000 12532 3508 3446 
variation0110001001 14276 4067 3475 
variation0110001010 12300 3210 2795 
variation0110001011 13704 3399 2643 
variation0110001100 11300 3530 3020 
variation0110001101 14040 3638 2813 
variation0110001110 10396 3043 2399 
variation0110001111 11272 2993 2535 
variation0110010000 12700 4293 2815 
variation0110010001 17616 4309 3526 
variation0110010010 12112 3840 3096 
variation0110010011 16424 3735 3191 
variation0110010100 10584 3239 2542 
variation0110010101 12264 3559 3084 
variation0110010110 10376 2947 2507 
variation0110010111 11756 3507 2894 
variation0110011000 14036 4366 3357 
variation0110011001 14912 4268 3319 
variation0110011010 13064 3326 2655 
variation0110011011 15780 3270 3204 
variation0110011100 11968 3097 2499 
variation0110011101 13004 3829 3271 
variation0110011110 10484 3211 2541 
variation0110011111 11356 2700 2573 
variation0110100000 6696 1209 896 
variation0110100001 7420 1142 1371 
variation0110100010 6108 833 848 
variation0110100011 6868 1052 946 
variation0110100100 2660 519 647 
variation0110100101 3176 484 647 
variation0110100110 2132 494 496 
variation0110100111 2692 506 513 
variation0110101000 6980 1095 1035 
variation0110101001 7376 1236 1097 
variation0110101010 6448 852 778 
variation0110101011 6812 791 739 
variation0110101100 2976 647 647 
variation0110101101 3112 601 554 
variation0110101110 2028 493 570 
variation0110101111 2028 338 337 
variation0110110000 6320 878 869 
variation0110110001 7020 1021 1240 
variation0110110010 5596 797 918 
variation0110110011 6400 833 766 
variation0110110100 2284 503 468 
variation0110110101 2804 484 451 
variation0110110110 1860 404 386 
variation0110110111 2380 385 384 
variation0110111000 6736 952 852 
variation0110111001 7080 1082 959 
variation0110111010 5568 842 766 
variation0110111011 5940 790 658 
variation0110111100 2760 612 554 
variation0110111101 2764 486 454 
variation0110111110 1692 407 402 
variation0110111111 1936 323 310 
variation0111000000 13972 4166 3410 
variation0111000001 13008 3865 3481 
variation0111000010 13256 3838 3079 
variation0111000011 12172 3132 2675 
variation0111000100 11276 3356 2821 
variation0111000101 11236 2692 2450 
variation0111000110 11392 3187 2655 
variation0111000111 12600 2695 2391 
variation0111001000 14564 4711 3883 
variation0111001001 13468 3882 3117 
variation0111001010 13712 3865 3205 
variation0111001011 11860 3143 2620 
variation0111001100 12212 4316 3254 
variation0111001101 11380 3156 2570 
variation0111001110 11492 3060 2551 
variation0111001111 11140 2505 2044 
variation0111010000 14060 4459 4084 
variation0111010001 12600 3751 3976 
variation0111010010 14016 4125 3526 
variation0111010011 14628 3523 2750 
variation0111010100 12004 3388 2799 
variation0111010101 10460 3066 2620 
variation0111010110 13244 3371 3072 
variation0111010111 10420 2857 2307 
variation0111011000 13984 4140 2867 
variation0111011001 12504 4154 3334 
variation0111011010 13660 3903 2989 
variation0111011011 11900 2749 2398 
variation0111011100 11928 3423 2821 
variation0111011101 10352 3200 2651 
variation0111011110 11208 3123 2487 
variation0111011111 10108 2078 1934 
variation0111100000 10304 878 814 
variation0111100001 5624 801 712 
variation0111100010 7324 758 676 
variation0111100011 5116 921 572 
variation0111100100 3132 482 676 
variation0111100101 1168 376 339 
variation0111100110 2828 406 389 
variation0111100111 712 304 318 
variation0111101000 7676 1059 889 
variation0111101001 5608 817 750 
variation0111101010 6940 783 685 
variation0111101011 5076 648 786 
variation0111101100 3536 668 557 
variation0111101101 1640 420 364 
variation0111101110 2572 396 379 
variation0111101111 388 236 247 
variation0111110000 7644 837 780 
variation0111110001 7616 785 707 
variation0111110010 7316 723 639 
variation0111110011 4844 628 542 
variation0111110100 3108 449 438 
variation0111110101 1148 355 360 
variation0111110110 2524 378 379 
variation0111110111 700 280 284 
variation0111111000 7248 900 864 
variation0111111001 5336 769 767 
variation0111111010 6920 715 653 
variation0111111011 4540 596 561 
variation0111111100 3312 506 486 
variation0111111101 1140 350 384 
variation0111111110 2580 388 394 
variation0111111111 348 232 247 
variation1000000000 356 340 314 
variation1000000001 3012 1012 830 
variation1000000010 1088 454 466 
variation1000000011 4320 1198 1114 
variation1000000100 4876 1231 1040 
variation1000000101 7568 2179 1942 
variation1000000110 5488 1650 1476 
variation1000000111 8320 2420 2929 
variation1000001000 716 391 372 
variation1000001001 3016 877 868 
variation1000001010 1160 461 465 
variation1000001011 3528 1068 895 
variation1000001100 5216 1385 1262 
variation1000001101 7684 2049 1884 
variation1000001110 5656 1582 1424 
variation1000001111 7648 2215 1962 
variation1000010000 408 313 318 
variation1000010001 3200 865 1327 
variation1000010010 1052 524 534 
variation1000010011 3720 1253 1129 
variation1000010100 5000 1144 1004 
variation1000010101 7104 2107 1881 
variation1000010110 5476 1673 1542 
variation1000010111 7892 2489 2294 
variation1000011000 832 423 416 
variation1000011001 3308 945 876 
variation1000011010 1112 523 475 
variation1000011011 3440 993 903 
variation1000011100 5264 1499 1357 
variation1000011101 7216 2098 1913 
variation1000011110 5396 1641 1526 
variation1000011111 7660 2222 2824 
variation1000100000 9532 1162 1056 
variation1000100001 12224 1386 1783 
variation1000100010 10456 1453 1311 
variation1000100011 12872 1763 1573 
variation1000100100 13484 1743 2065 
variation1000100101 16328 2187 1963 
variation1000100110 14672 2060 1954 
variation1000100111 16532 2278 2080 
variation1000101000 10092 1312 1185 
variation1000101001 12168 1491 1311 
variation1000101010 10412 1474 1247 
variation1000101011 12556 1633 1485 
variation1000101100 13756 1981 1743 
variation1000101101 16432 2112 1905 
variation1000101110 15336 2080 1886 
variation1000101111 16300 2232 2412 
variation1000110000 10592 1532 1154 
variation1000110001 16712 1544 1380 
variation1000110010 10364 1540 1373 
variation1000110011 13312 1810 1619 
variation1000110100 15100 1919 1805 
variation1000110101 16312 2179 1973 
variation1000110110 14644 2215 2820 
variation1000110111 17828 2436 2257 
variation1000111000 10568 1324 1190 
variation1000111001 12628 2254 1456 
variation1000111010 11568 1519 1368 
variation1000111011 14036 1815 1623 
variation1000111100 14788 2015 1868 
variation1000111101 16816 2382 2006 
variation1000111110 14832 2488 2055 
variation1000111111 16656 2293 2030 
variation1001000000 1764 526 671 
variation1001000001 1896 671 639 
variation1001000010 2344 794 719 
variation1001000011 2444 964 960 
variation1001000100 6052 1431 1213 
variation1001000101 6120 1865 1514 
variation1001000110 8384 1994 1776 
variation1001000111 7028 2208 1945 
variation1001001000 1992 665 619 
variation1001001001 1752 634 627 
variation1001001010 2412 753 710 
variation1001001011 2372 759 709 
variation1001001100 6808 1719 1611 
variation1001001101 6168 1589 1409 
variation1001001110 7064 2343 1745 
variation1001001111 6636 1887 1711 
variation1001010000 1696 508 482 
variation1001010001 1796 666 682 
variation1001010010 2688 777 793 
variation1001010011 2416 997 1261 
variation1001010100 6056 1578 1435 
variation1001010101 6172 1734 1494 
variation1001010110 7024 2057 1898 
variation1001010111 6668 2836 2286 
variation1001011000 2076 727 717 
variation1001011001 1800 678 640 
variation1001011010 2296 770 774 
variation1001011011 2080 807 763 
variation1001011100 6620 1974 1889 
variation1001011101 6256 1948 1679 
variation1001011110 7112 1957 1715 
variation1001011111 6856 1874 1564 
variation1001100000 11392 1320 1167 
variation1001100001 12320 1625 1381 
variation1001100010 12360 1717 1499 
variation1001100011 11928 2461 1573 
variation1001100100 16104 2018 1791 
variation1001100101 15088 2179 1991 
variation1001100110 16428 2141 1961 
variation1001100111 15784 2270 2041 
variation1001101000 11652 1559 1507 
variation1001101001 12032 1530 1423 
variation1001101010 12196 1633 1589 
variation1001101011 12448 1750 1493 
variation1001101100 16244 2116 1922 
variation1001101101 15680 2218 1980 
variation1001101110 15792 2105 2045 
variation1001101111 14788 2219 2098 
variation1001110000 11372 1331 1186 
variation1001110001 11356 1615 1302 
variation1001110010 12296 1593 1401 
variation1001110011 11768 2051 1637 
variation1001110100 15408 2072 2432 
variation1001110101 15432 2096 2110 
variation1001110110 16252 2211 2028 
variation1001110111 17020 4025 2440 
variation1001111000 13020 1411 1245 
variation1001111001 11128 1578 1466 
variation1001111010 11868 1665 1504 
variation1001111011 11568 1746 1559 
variation1001111100 15648 2182 1917 
variation1001111101 15472 2819 2601 
variation1001111110 18252 2244 2019 
variation1001111111 15512 2214 2026 
variation1010000000 4144 919 847 
variation1010000001 6844 1818 1666 
variation1010000010 4932 1362 1266 
variation1010000011 7324 2086 1819 
variation1010000100 8348 2058 2316 
variation1010000101 11736 3078 2645 
variation1010000110 8848 2652 3225 
variation1010000111 12088 3098 2727 
variation1010001000 4412 1300 1595 
variation1010001001 8200 1891 1661 
variation1010001010 4896 1425 1219 
variation1010001011 7652 2027 1978 
variation1010001100 11676 2540 2251 
variation1010001101 10644 3162 2763 
variation1010001110 10820 2568 2310 
variation1010001111 11928 3158 3192 
variation1010010000 4204 991 963 
variation1010010001 6864 1887 1723 
variation1010010010 4680 1393 1345 
variation1010010011 7120 2159 2082 
variation1010010100 8540 2134 1819 
variation1010010101 10852 2839 2412 
variation1010010110 9036 2707 2529 
variation1010010111 12584 3626 3188 
variation1010011000 4704 1182 1032 
variation1010011001 7164 2050 1763 
variation1010011010 4824 1362 1282 
variation1010011011 7332 2113 1755 
variation1010011100 9236 2674 2200 
variation1010011101 11420 3055 2816 
variation1010011110 8696 3007 2359 
variation1010011111 11212 3461 2924 
variation1010100000 13956 2192 1590 
variation1010100001 21368 2056 1851 
variation1010100010 13984 2042 1925 
variation1010100011 16360 2922 2127 
variation1010100100 17876 2438 2708 
variation1010100101 20804 2543 2306 
variation1010100110 18420 2624 2168 
variation1010100111 20688 2814 2503 
variation1010101000 13984 1882 2420 
variation1010101001 15664 2118 1825 
variation1010101010 15740 2050 1894 
variation1010101011 17444 2156 1968 
variation1010101100 17448 2670 2200 
variation1010101101 20296 2639 2650 
variation1010101110 17700 2489 2365 
variation1010101111 20204 2717 2314 
variation1010110000 14108 1919 1722 
variation1010110001 16072 2108 1792 
variation1010110010 14308 2047 1823 
variation1010110011 21564 2092 2002 
variation1010110100 17472 2274 2107 
variation1010110101 20788 2662 2289 
variation1010110110 17700 2521 2214 
variation1010110111 20584 2678 2380 
variation1010111000 13808 1814 1623 
variation1010111001 15340 2031 1948 
variation1010111010 14064 2080 1866 
variation1010111011 16304 2223 1946 
variation1010111100 21272 2393 2223 
variation1010111101 20844 2626 2226 
variation1010111110 17804 2562 2190 
variation1010111111 19864 2701 2358 
variation1011000000 5120 1048 1012 
variation1011000001 5396 1421 1230 
variation1011000010 5520 1531 1435 
variation1011000011 5912 1727 1630 
variation1011000100 9116 1991 1739 
variation1011000101 10008 2578 2140 
variation1011000110 10116 2718 2336 
variation1011000111 11004 3261 2646 
variation1011001000 6836 2007 1473 
variation1011001001 5652 1364 1278 
variation1011001010 6472 1632 1524 
variation1011001011 5852 1497 1467 
variation1011001100 9992 2560 2248 
variation1011001101 9500 2494 2159 
variation1011001110 10284 2771 2407 
variation1011001111 12324 2645 2353 
variation1011010000 5376 1201 1135 
variation1011010001 5600 1476 1400 
variation1011010010 7084 1594 1480 
variation1011010011 6492 1804 1593 
variation1011010100 9860 2297 2061 
variation1011010101 9808 2607 2270 
variation1011010110 10336 2898 2625 
variation1011010111 10464 3032 2509 
variation1011011000 5856 1493 1394 
variation1011011001 5976 1719 1477 
variation1011011010 6188 1524 1493 
variation1011011011 6416 1570 1480 
variation1011011100 10004 2984 2495 
variation1011011101 9928 2816 2519 
variation1011011110 10128 2726 2590 
variation1011011111 10404 2657 2198 
variation1011100000 14780 1807 1594 
variation1011100001 16160 2118 1857 
variation1011100010 15128 2259 2128 
variation1011100011 16580 2287 2030 
variation1011100100 18124 2330 2117 
variation1011100101 18072 2592 2204 
variation1011100110 19976 2563 2238 
variation1011100111 18832 2877 2578 
variation1011101000 18236 2023 1871 
variation1011101001 14696 2069 1888 
variation1011101010 15492 2203 1945 
variation1011101011 14872 2144 1947 
variation1011101100 18688 2439 2085 
variation1011101101 18968 2416 2096 
variation1011101110 18632 2604 2222 
variation1011101111 18456 2635 3085 
variation1011110000 15644 1937 1673 
variation1011110001 14444 2029 1845 
variation1011110010 16252 2141 1951 
variation1011110011 15212 2197 2034 
variation1011110100 17164 2194 1912 
variation1011110101 19032 3420 2144 
variation1011110110 19600 3343 2181 
variation1011110111 18700 3102 2276 
variation1011111000 16984 2030 1862 
variation1011111001 14876 1953 1832 
variation1011111010 14712 2113 1893 
variation1011111011 15140 2247 2026 
variation1011111100 18916 3337 2828 
variation1011111101 17284 2415 2113 
variation1011111110 18344 2424 2214 
variation1011111111 17860 2541 2225 
variation1100000000 13908 4883 3315 
variation1100000001 17660 5483 4572 
variation1100000010 13624 3930 3485 
variation1100000011 15272 3902 3535 
variation1100000100 12256 3698 2898 
variation1100000101 13772 4314 4937 
variation1100000110 11164 3280 2682 
variation1100000111 14052 3907 3083 
variation1100001000 14976 4594 3905 
variation1100001001 16100 4547 3530 
variation1100001010 13808 4088 4721 
variation1100001011 15476 3727 3214 
variation1100001100 12664 4173 3355 
variation1100001101 14136 3707 3479 
variation1100001110 14528 4034 2353 
variation1100001111 15880 2929 2528 
variation1100010000 13924 3978 4618 
variation1100010001 16128 4417 3810 
variation1100010010 13572 4167 3731 
variation1100010011 15160 4254 3736 
variation1100010100 12064 3052 2502 
variation1100010101 13360 3935 3553 
variation1100010110 11620 3447 2798 
variation1100010111 13436 3751 2913 
variation1100011000 15432 3824 3053 
variation1100011001 15744 4275 3840 
variation1100011010 13620 3437 2940 
variation1100011011 15496 3534 3672 
variation1100011100 12808 3653 3769 
variation1100011101 14036 3999 3443 
variation1100011110 11920 3671 2852 
variation1100011111 12836 2967 2596 
variation1100100000 9652 1297 1197 
variation1100100001 10664 1266 1187 
variation1100100010 8504 1134 1024 
variation1100100011 9748 1195 1105 
variation1100100100 5880 878 751 
variation1100100101 5840 720 696 
variation1100100110 4920 680 621 
variation1100100111 5608 676 643 
variation1100101000 9232 1374 1249 
variation1100101001 9816 1391 1065 
variation1100101010 8696 1265 1112 
variation1100101011 8904 1101 1000 
variation1100101100 6356 1131 744 
variation1100101101 5624 746 691 
variation1100101110 4972 680 605 
variation1100101111 5296 611 589 
variation1100110000 11560 1484 1199 
variation1100110001 10608 1288 1035 
variation1100110010 8612 1094 1005 
variation1100110011 9576 1116 1043 
variation1100110100 5288 779 674 
variation1100110101 5884 721 914 
variation1100110110 5104 696 650 
variation1100110111 5656 689 621 
variation1100111000 9992 1391 1284 
variation1100111001 12072 1284 1195 
variation1100111010 8496 1104 1015 
variation1100111011 9360 998 917 
variation1100111100 5732 1185 755 
variation1100111101 6712 730 673 
variation1100111110 5272 959 604 
variation1100111111 5248 568 563 
variation1101000000 15008 4955 4171 
variation1101000001 16404 4573 3826 
variation1101000010 19040 4525 3575 
variation1101000011 13940 4049 3204 
variation1101000100 13200 3916 3269 
variation1101000101 12360 3626 2983 
variation1101000110 12776 3985 2969 
variation1101000111 11760 3591 3007 
variation1101001000 15824 4808 4390 
variation1101001001 14616 4545 3790 
variation1101001010 14800 4471 4002 
variation1101001011 13848 3292 3050 
variation1101001100 14276 4031 3429 
variation1101001101 12468 3841 2987 
variation1101001110 13432 4202 3486 
variation1101001111 11744 2779 2419 
variation1101010000 15104 4973 4313 
variation1101010001 14364 4664 3950 
variation1101010010 15480 5498 3896 
variation1101010011 14448 4256 3593 
variation1101010100 13420 4008 3311 
variation1101010101 11780 3693 2912 
variation1101010110 12548 3651 3161 
variation1101010111 11640 3323 2830 
variation1101011000 16016 5060 4368 
variation1101011001 14360 4738 4123 
variation1101011010 15544 4714 3977 
variation1101011011 13184 3085 2803 
variation1101011100 13584 4454 4759 
variation1101011101 12836 3690 3048 
variation1101011110 12984 3989 3278 
variation1101011111 12264 2822 2585 
variation1101100000 10368 1396 1714 
variation1101100001 8448 1140 1055 
variation1101100010 9600 1133 1060 
variation1101100011 7936 1004 959 
variation1101100100 6368 867 986 
variation1101100101 4536 703 856 
variation1101100110 6096 766 705 
variation1101100111 4232 594 562 
variation1101101000 12080 1538 1280 
variation1101101001 8932 1237 1450 
variation1101101010 10012 1143 1079 
variation1101101011 8156 1248 782 
variation1101101100 6764 934 842 
variation1101101101 4520 745 691 
variation1101101110 6336 755 632 
variation1101101111 3900 616 485 
variation1101110000 10632 1282 1134 
variation1101110001 8524 1226 1079 
variation1101110010 12544 1096 1048 
variation1101110011 8176 979 892 
variation1101110100 6444 877 719 
variation1101110101 4632 687 605 
variation1101110110 6112 747 694 
variation1101110111 4120 613 572 
variation1101111000 10620 1420 1763 
variation1101111001 8392 1232 1024 
variation1101111010 10244 1102 1005 
variation1101111011 8364 919 794 
variation1101111100 6692 915 800 
variation1101111101 4460 775 694 
variation1101111110 6276 721 609 
variation1101111111 3840 527 499 
variation1110000000 13284 3997 3243 
variation1110000001 14632 4893 4025 
variation1110000010 12620 3749 3000 
variation1110000011 13752 4202 3031 
variation1110000100 10888 2859 3331 
variation1110000101 12008 3288 3571 
variation1110000110 9852 3003 2378 
variation1110000111 13472 3266 2768 
variation1110001000 13148 3395 3781 
variation1110001001 14072 4075 4501 
variation1110001010 12852 3259 2440 
variation1110001011 13208 3410 3652 
variation1110001100 11436 3302 3676 
variation1110001101 11624 3234 2747 
variation1110001110 12640 3081 2561 
variation1110001111 11860 2831 2331 
variation1110010000 13260 3869 3266 
variation1110010001 13948 4587 4937 
variation1110010010 12256 3803 2953 
variation1110010011 14032 4161 3262 
variation1110010100 10612 3071 2519 
variation1110010101 11928 3687 2913 
variation1110010110 10408 3036 2409 
variation1110010111 11632 3320 2753 
variation1110011000 13332 4631 3661 
variation1110011001 15456 4146 3793 
variation1110011010 13108 3914 2947 
variation1110011011 13984 4026 2891 
variation1110011100 10452 3296 2686 
variation1110011101 12560 3586 4171 
variation1110011110 10248 2676 2122 
variation1110011111 11212 2586 2283 
variation1110100000 6352 879 825 
variation1110100001 7468 1084 982 
variation1110100010 6132 809 765 
variation1110100011 6884 932 891 
variation1110100100 2244 457 426 
variation1110100101 2748 453 422 
variation1110100110 1704 394 366 
variation1110100111 2580 377 383 
variation1110101000 6424 933 853 
variation1110101001 7396 1041 940 
variation1110101010 5672 756 677 
variation1110101011 6252 838 752 
variation1110101100 2576 532 540 
variation1110101101 2856 474 457 
variation1110101110 1632 411 384 
variation1110101111 1872 356 343 
variation1110110000 6760 912 832 
variation1110110001 7072 1074 814 
variation1110110010 5652 744 700 
variation1110110011 6592 772 744 
variation1110110100 2132 485 445 
variation1110110101 2652 440 435 
variation1110110110 1612 361 353 
variation1110110111 2100 347 351 
variation1110111000 6456 989 911 
variation1110111001 6896 1019 903 
variation1110111010 5972 762 786 
variation1110111011 6184 830 799 
variation1110111100 2472 551 569 
variation1110111101 2748 479 478 
variation1110111110 1716 405 366 
variation1110111111 1748 286 395 
variation1111000000 13792 3551 2734 
variation1111000001 12768 3717 2937 
variation1111000010 13588 3380 2565 
variation1111000011 12000 3439 3562 
variation1111000100 11440 2912 2449 
variation1111000101 10516 2734 2188 
variation1111000110 11608 3149 2528 
variation1111000111 10420 2776 2252 
variation1111001000 14192 4619 3815 
variation1111001001 12728 3072 2487 
variation1111001010 13472 4113 3398 
variation1111001011 12056 2671 2471 
variation1111001100 12980 3433 2803 
variation1111001101 10780 2864 2356 
variation1111001110 11612 2993 2516 
variation1111001111 10204 2231 1878 
variation1111010000 13944 4144 4473 
variation1111010001 12476 3674 2917 
variation1111010010 13464 3734 2898 
variation1111010011 12408 3173 2435 
variation1111010100 12048 3302 2621 
variation1111010101 10520 3029 2453 
variation1111010110 11196 2851 2214 
variation1111010111 11276 2450 1892 
variation1111011000 15228 4341 3437 
variation1111011001 12760 3526 3027 
variation1111011010 14076 3391 2538 
variation1111011011 12448 2719 2395 
variation1111011100 12572 3544 3113 
variation1111011101 10744 3200 3409 
variation1111011110 11080 2890 2451 
variation1111011111 12520 1968 1746 
variation1111100000 7352 947 1078 
variation1111100001 5720 820 719 
variation1111100010 6856 814 693 
variation1111100011 5508 670 586 
variation1111100100 3200 483 571 
variation1111100101 1040 350 327 
variation1111100110 2520 380 356 
variation1111100111 608 298 282 
variation1111101000 7968 1046 966 
variation1111101001 5800 805 721 
variation1111101010 6924 795 696 
variation1111101011 4828 747 652 
variation1111101100 3692 561 686 
variation1111101101 1080 348 348 
variation1111101110 2692 421 361 
variation1111101111 304 257 249 
variation1111110000 7360 890 1082 
variation1111110001 5584 726 654 
variation1111110010 6908 771 744 
variation1111110011 5356 682 581 
variation1111110100 3256 440 430 
variation1111110101 1068 363 330 
variation1111110110 2764 381 343 
variation1111110111 572 270 286 
variation1111111000 7636 952 855 
variation1111111001 5528 816 704 
variation1111111010 6920 796 742 
variation1111111011 4764 606 756 
variation1111111100 3412 499 485 
variation1111111101 988 335 321 
variation1111111110 2564 392 364 
variation1111111111 240 223 208 
