configuration000000000 720 543 543 
configuration000000001 756 598 591 
configuration000000010 736 574 564 
configuration000000011 752 669 672 
configuration000000100 724 588 588 
configuration000000101 748 697 697 
configuration000000110 736 663 658 
configuration000000111 736 599 602 
configuration000001000 752 569 558 
configuration000001001 760 629 669 
configuration000001010 756 660 649 
configuration000001011 760 703 705 
configuration000001100 744 663 675 
configuration000001101 760 1043 1051 
configuration000001110 760 826 794 
configuration000001111 760 1109 1128 
configuration000010000 3708 791 742 
configuration000010001 3628 799 805 
configuration000010010 3476 715 701 
configuration000010011 3496 942 938 
configuration000010100 3556 1214 1231 
configuration000010101 3520 1142 1155 
configuration000010110 3536 1133 1150 
configuration000010111 3476 2974 3179 
configuration000011000 3684 786 785 
configuration000011001 3680 2878 2842 
configuration000011010 3524 843 842 
configuration000011011 3536 1136 1218 
configuration000011100 3552 1356 1432 
configuration000011101 3604 809 1089 
configuration000011110 3580 1315 1328 
configuration000011111 3564 2964 2978 
configuration000100000 704 528 533 
configuration000100001 720 635 652 
configuration000100010 712 546 543 
configuration000100011 720 650 650 
configuration000100100 712 682 672 
configuration000100101 708 651 659 
configuration000100110 704 680 679 
configuration000100111 716 899 894 
configuration000101000 768 607 609 
configuration000101001 756 670 705 
configuration000101010 772 693 683 
configuration000101011 764 999 982 
configuration000101100 740 642 662 
configuration000101101 748 734 752 
configuration000101110 768 812 823 
configuration000101111 756 1102 1098 
configuration000110000 3544 756 740 
configuration000110001 3604 782 781 
configuration000110010 3476 748 760 
configuration000110011 3488 937 959 
configuration000110100 3452 1126 1118 
configuration000110101 3420 1243 1251 
configuration000110110 3748 1303 1304 
configuration000110111 3752 3100 3140 
configuration000111000 3768 818 804 
configuration000111001 3732 3089 2992 
configuration000111010 3532 881 881 
configuration000111011 3600 1001 1001 
configuration000111100 3508 1311 1341 
configuration000111101 3508 743 751 
configuration000111110 3704 1400 1394 
configuration000111111 3644 2971 3055 
configuration001000000 5012 780 792 
configuration001000001 5028 1111 1083 
configuration001000010 4980 1201 1238 
configuration001000011 4972 1133 1151 
configuration001000100 5052 1191 1190 
configuration001000101 5136 1343 1350 
configuration001000110 4988 1170 1178 
configuration001000111 5012 813 814 
configuration001001000 4828 777 759 
configuration001001001 4800 993 992 
configuration001001010 4840 1003 976 
configuration001001011 4840 1276 1259 
configuration001001100 4928 977 977 
configuration001001101 4956 926 944 
configuration001001110 4940 991 988 
configuration001001111 4840 662 665 
configuration001010000 7688 1316 1328 
configuration001010001 7664 1173 1192 
configuration001010010 7792 1173 1190 
configuration001010011 7876 969 970 
configuration001010100 8600 2062 2031 
configuration001010101 7776 1789 1787 
configuration001010110 7900 2863 2879 
configuration001010111 7804 998 993 
configuration001011000 7592 1090 1116 
configuration001011001 7932 1728 1278 
configuration001011010 8104 1815 1786 
configuration001011011 7832 939 949 
configuration001011100 7704 3093 3037 
configuration001011101 7632 1479 1461 
configuration001011110 7624 2755 2751 
configuration001011111 7944 662 663 
configuration001100000 4980 688 685 
configuration001100001 5156 757 747 
configuration001100010 5004 1205 1214 
configuration001100011 4952 1388 1179 
configuration001100100 5132 1163 1167 
configuration001100101 5108 1244 1042 
configuration001100110 5060 1151 1155 
configuration001100111 4988 825 827 
configuration001101000 4824 697 680 
configuration001101001 4824 677 682 
configuration001101010 4968 961 959 
configuration001101011 4812 928 935 
configuration001101100 5796 963 948 
configuration001101101 4984 961 978 
configuration001101110 4884 1063 1083 
configuration001101111 4864 640 629 
configuration001110000 7760 885 1309 
configuration001110001 7772 1491 1477 
configuration001110010 8028 1157 1132 
configuration001110011 7744 961 966 
configuration001110100 8612 2327 2338 
configuration001110101 7736 1811 1796 
configuration001110110 7692 2878 2891 
configuration001110111 7688 753 734 
configuration001111000 7788 1372 1090 
configuration001111001 7620 1281 1301 
configuration001111010 7656 1004 992 
configuration001111011 7668 942 890 
configuration001111100 8516 3360 3398 
configuration001111101 7660 1530 1557 
configuration001111110 7904 2937 2801 
configuration001111111 8340 662 641 
configuration010000000 5184 613 613 
configuration010000001 5252 840 847 
configuration010000010 5712 1170 708 
configuration010000011 5308 1252 729 
configuration010000100 5224 909 886 
configuration010000101 5216 1094 1118 
configuration010000110 5328 1103 1109 
configuration010000111 5964 2571 2580 
configuration010001000 5256 751 784 
configuration010001001 5292 903 900 
configuration010001010 6012 1466 793 
configuration010001011 5372 1419 870 
configuration010001100 5264 1031 1005 
configuration010001101 5320 778 777 
configuration010001110 5228 1198 1199 
configuration010001111 5836 2756 2765 
configuration010010000 3172 672 674 
configuration010010001 2580 912 914 
configuration010010010 2460 637 638 
configuration010010011 2520 1833 1839 
configuration010010100 3720 993 969 
configuration010010101 2436 703 1012 
configuration010010110 2656 944 951 
configuration010010111 2576 1703 1612 
configuration010011000 3220 837 821 
configuration010011001 2508 1049 1048 
configuration010011010 2492 716 722 
configuration010011011 2576 774 788 
configuration010011100 3224 1096 1088 
configuration010011101 2500 734 721 
configuration010011110 2592 1007 1012 
configuration010011111 2500 1858 1852 
configuration010100000 5252 630 615 
configuration010100001 5260 873 863 
configuration010100010 5888 1152 688 
configuration010100011 5280 1177 719 
configuration010100100 5188 897 898 
configuration010100101 5204 1092 1087 
configuration010100110 5396 1049 1066 
configuration010100111 5708 2603 2684 
configuration010101000 5280 659 675 
configuration010101001 5348 920 907 
configuration010101010 5972 1475 747 
configuration010101011 5288 1314 891 
configuration010101100 5260 1038 1035 
configuration010101101 5364 1072 1064 
configuration010101110 5232 1149 1171 
configuration010101111 5832 2760 2747 
configuration010110000 2960 669 668 
configuration010110001 2420 930 920 
configuration010110010 2484 667 660 
configuration010110011 2516 1817 1810 
configuration010110100 3168 992 991 
configuration010110101 2540 741 746 
configuration010110110 2444 913 899 
configuration010110111 2500 1744 1713 
configuration010111000 3240 1026 1025 
configuration010111001 2488 1949 1949 
configuration010111010 2528 723 711 
configuration010111011 2600 780 1964 
configuration010111100 3240 1174 1133 
configuration010111101 2512 792 751 
configuration010111110 2456 988 999 
configuration010111111 2544 1842 1885 
configuration011000000 3336 1169 838 
configuration011000001 3376 1254 1237 
configuration011000010 3348 1184 1186 
configuration011000011 3504 1209 1252 
configuration011000100 3448 1258 1231 
configuration011000101 3492 1031 1017 
configuration011000110 3372 1135 1135 
configuration011000111 3344 858 850 
configuration011001000 3204 1125 898 
configuration011001001 3228 983 1015 
configuration011001010 3232 1005 980 
configuration011001011 3240 1015 1001 
configuration011001100 3244 902 920 
configuration011001101 3220 925 930 
configuration011001110 3232 1001 996 
configuration011001111 3224 654 635 
configuration011010000 732 867 937 
configuration011010001 732 814 812 
configuration011010010 740 769 759 
configuration011010011 724 663 645 
configuration011010100 732 1108 1200 
configuration011010101 760 1003 1089 
configuration011010110 728 878 884 
configuration011010111 720 565 552 
configuration011011000 632 848 824 
configuration011011001 640 648 643 
configuration011011010 632 620 620 
configuration011011011 612 535 542 
configuration011011100 624 965 948 
configuration011011101 644 734 755 
configuration011011110 648 787 789 
configuration011011111 640 555 549 
configuration011100000 3340 789 791 
configuration011100001 3348 1135 1120 
configuration011100010 3376 1194 1208 
configuration011100011 3440 1153 1145 
configuration011100100 3332 1128 1127 
configuration011100101 3356 1141 1166 
configuration011100110 3372 1162 1149 
configuration011100111 3340 878 865 
configuration011101000 3200 682 678 
configuration011101001 3220 715 704 
configuration011101010 3236 958 970 
configuration011101011 3288 939 920 
configuration011101100 3220 905 950 
configuration011101101 3228 977 980 
configuration011101110 3360 1013 1020 
configuration011101111 3212 1078 1076 
configuration011110000 732 864 878 
configuration011110001 760 832 846 
configuration011110010 736 783 782 
configuration011110011 712 592 594 
configuration011110100 728 1152 1193 
configuration011110101 728 950 954 
configuration011110110 724 876 886 
configuration011110111 724 716 705 
configuration011111000 628 843 932 
configuration011111001 620 933 930 
configuration011111010 624 697 704 
configuration011111011 620 639 640 
configuration011111100 620 1257 1274 
configuration011111101 624 766 735 
configuration011111110 616 791 781 
configuration011111111 640 595 592 
configuration100000000 704 480 501 
configuration100000001 724 634 626 
configuration100000010 704 530 518 
configuration100000011 716 619 598 
configuration100000100 700 505 510 
configuration100000101 716 674 679 
configuration100000110 708 855 865 
configuration100000111 708 574 579 
configuration100001000 752 577 568 
configuration100001001 756 632 618 
configuration100001010 756 680 700 
configuration100001011 764 858 857 
configuration100001100 744 604 599 
configuration100001101 760 641 628 
configuration100001110 756 1341 1359 
configuration100001111 756 675 666 
configuration100010000 3620 708 724 
configuration100010001 3632 2816 2722 
configuration100010010 3532 678 665 
configuration100010011 3544 1174 1187 
configuration100010100 3452 2931 3033 
configuration100010101 3548 1010 995 
configuration100010110 3560 3373 3162 
configuration100010111 3536 880 885 
configuration100011000 3664 861 856 
configuration100011001 3704 861 832 
configuration100011010 3472 797 764 
configuration100011011 3544 1005 1021 
configuration100011100 3484 3348 3382 
configuration100011101 3476 795 805 
configuration100011110 3596 1402 1360 
configuration100011111 3568 2691 2672 
configuration100100000 704 499 508 
configuration100100001 756 651 655 
configuration100100010 740 575 581 
configuration100100011 728 681 673 
configuration100100100 696 506 503 
configuration100100101 712 640 657 
configuration100100110 716 1212 1219 
configuration100100111 708 600 594 
configuration100101000 756 584 578 
configuration100101001 760 683 685 
configuration100101010 772 719 711 
configuration100101011 768 825 843 
configuration100101100 744 614 610 
configuration100101101 768 696 705 
configuration100101110 764 1096 1097 
configuration100101111 764 655 649 
configuration100110000 3512 693 712 
configuration100110001 3584 2743 2681 
configuration100110010 3572 696 696 
configuration100110011 3696 887 882 
configuration100110100 3444 2906 2937 
configuration100110101 3464 796 763 
configuration100110110 3620 3069 3413 
configuration100110111 3516 879 906 
configuration100111000 3544 927 931 
configuration100111001 3616 2553 2507 
configuration100111010 3628 1490 1479 
configuration100111011 3784 1249 1254 
configuration100111100 3496 3310 3238 
configuration100111101 3500 881 901 
configuration100111110 3688 1692 1675 
configuration100111111 3628 2659 2672 
configuration101000000 5040 703 688 
configuration101000001 4976 1170 1497 
configuration101000010 5012 1044 1024 
configuration101000011 5152 1043 1057 
configuration101000100 4976 1203 1236 
configuration101000101 5020 1198 1218 
configuration101000110 4988 1234 1222 
configuration101000111 4940 1158 1172 
configuration101001000 4808 716 718 
configuration101001001 4888 1007 1038 
configuration101001010 5056 967 975 
configuration101001011 4792 917 926 
configuration101001100 4840 973 937 
configuration101001101 4880 999 996 
configuration101001110 4852 996 1017 
configuration101001111 4912 900 913 
configuration101010000 7716 937 935 
configuration101010001 7868 990 952 
configuration101010010 7760 2942 2873 
configuration101010011 7780 917 909 
configuration101010100 7756 1095 923 
configuration101010101 7732 2277 2259 
configuration101010110 7716 953 1002 
configuration101010111 7916 1380 1404 
configuration101011000 7864 3043 3047 
configuration101011001 11576 985 969 
configuration101011010 7584 2854 2782 
configuration101011011 7812 849 857 
configuration101011100 7712 1100 1066 
configuration101011101 7612 1416 1437 
configuration101011110 7708 986 939 
configuration101011111 7616 1133 1126 
configuration101100000 4952 706 696 
configuration101100001 5132 1218 1226 
configuration101100010 4980 1062 1106 
configuration101100011 4992 1106 1080 
configuration101100100 5008 1260 1265 
configuration101100101 5180 1206 1231 
configuration101100110 5040 1196 1228 
configuration101100111 5012 1152 1164 
configuration101101000 4796 686 692 
configuration101101001 4876 1255 1244 
configuration101101010 4892 961 966 
configuration101101011 4876 950 983 
configuration101101100 4908 961 985 
configuration101101101 4872 938 959 
configuration101101110 4924 990 1017 
configuration101101111 4876 922 927 
configuration101110000 7796 858 838 
configuration101110001 7664 942 951 
configuration101110010 7696 3365 3311 
configuration101110011 7984 1002 993 
configuration101110100 7696 1016 984 
configuration101110101 7776 1607 1622 
configuration101110110 8752 972 927 
configuration101110111 7744 1309 1334 
configuration101111000 7748 3068 3000 
configuration101111001 7660 966 944 
configuration101111010 7620 2883 2874 
configuration101111011 7536 860 844 
configuration101111100 8956 1131 1111 
configuration101111101 8376 1478 1461 
configuration101111110 7676 912 928 
configuration101111111 7944 1169 1161 
configuration110000000 5736 661 650 
configuration110000001 5304 740 744 
configuration110000010 5168 683 679 
configuration110000011 5228 2304 2318 
configuration110000100 5184 615 610 
configuration110000101 5208 972 962 
configuration110000110 5192 2853 2824 
configuration110000111 5480 721 742 
configuration110001000 6032 682 689 
configuration110001001 5344 915 936 
configuration110001010 5252 778 751 
configuration110001011 5272 1280 1258 
configuration110001100 5268 2366 2390 
configuration110001101 5288 744 730 
configuration110001110 5228 2698 2747 
configuration110001111 5344 2674 2739 
configuration110010000 3032 675 673 
configuration110010001 2408 935 923 
configuration110010010 3080 710 687 
configuration110010011 2540 1068 1073 
configuration110010100 2500 1815 1887 
configuration110010101 2416 1033 1022 
configuration110010110 2692 1862 1908 
configuration110010111 2488 1601 1573 
configuration110011000 3188 1082 1092 
configuration110011001 2436 1306 1311 
configuration110011010 3244 1010 1022 
configuration110011011 2576 1156 1153 
configuration110011100 2604 2011 1946 
configuration110011101 2452 2146 2305 
configuration110011110 2628 1025 1062 
configuration110011111 2428 1982 1989 
configuration110100000 5804 648 641 
configuration110100001 5212 770 775 
configuration110100010 5180 679 663 
configuration110100011 5180 1191 1202 
configuration110100100 5200 2165 2195 
configuration110100101 5448 983 960 
configuration110100110 5200 2629 2647 
configuration110100111 5268 695 660 
configuration110101000 5796 682 696 
configuration110101001 5268 906 912 
configuration110101010 5236 743 742 
configuration110101011 5208 1267 1263 
configuration110101100 5296 2428 2459 
configuration110101101 5284 767 765 
configuration110101110 5256 2739 2667 
configuration110101111 5356 2618 2578 
configuration110110000 3044 670 666 
configuration110110001 2392 953 945 
configuration110110010 3164 720 707 
configuration110110011 2588 1137 1139 
configuration110110100 2616 1771 1769 
configuration110110101 2400 965 957 
configuration110110110 2556 1774 1803 
configuration110110111 2488 1556 1640 
configuration110111000 3208 1088 1089 
configuration110111001 2420 1203 1196 
configuration110111010 3268 1013 1006 
configuration110111011 2676 1163 1174 
configuration110111100 2568 1967 2006 
configuration110111101 2476 1891 1924 
configuration110111110 2636 1051 1013 
configuration110111111 2548 1697 1678 
configuration111000000 3364 672 632 
configuration111000001 3360 1255 1249 
configuration111000010 3496 1063 1048 
configuration111000011 3496 1285 1320 
configuration111000100 3372 1187 1177 
configuration111000101 3356 1132 1147 
configuration111000110 3356 922 938 
configuration111000111 3364 1083 1085 
configuration111001000 3228 662 654 
configuration111001001 3236 1183 1202 
configuration111001010 3272 981 975 
configuration111001011 3260 873 850 
configuration111001100 3256 928 962 
configuration111001101 3264 983 1217 
configuration111001110 3224 722 699 
configuration111001111 3212 856 859 
configuration111010000 744 911 906 
configuration111010001 736 916 904 
configuration111010010 764 848 836 
configuration111010011 708 623 619 
configuration111010100 736 940 940 
configuration111010101 724 891 897 
configuration111010110 724 786 770 
configuration111010111 716 720 750 
configuration111011000 632 955 954 
configuration111011001 616 761 767 
configuration111011010 636 821 820 
configuration111011011 636 504 513 
configuration111011100 660 845 826 
configuration111011101 624 1055 755 
configuration111011110 632 722 697 
configuration111011111 612 637 631 
configuration111100000 3364 735 722 
configuration111100001 3364 1129 1125 
configuration111100010 3348 1093 1085 
configuration111100011 3364 1037 1027 
configuration111100100 3332 1102 1090 
configuration111100101 3348 1131 1134 
configuration111100110 3336 833 812 
configuration111100111 3416 1157 1169 
configuration111101000 3280 672 682 
configuration111101001 3216 947 943 
configuration111101010 3344 1069 1076 
configuration111101011 3352 964 946 
configuration111101100 3260 915 913 
configuration111101101 3240 1235 1213 
configuration111101110 3208 692 703 
configuration111101111 3296 859 842 
configuration111110000 728 1020 1013 
configuration111110001 720 810 793 
configuration111110010 720 905 917 
configuration111110011 736 644 643 
configuration111110100 728 883 878 
configuration111110101 732 894 891 
configuration111110110 732 767 759 
configuration111110111 708 715 723 
configuration111111000 628 983 967 
configuration111111001 612 723 716 
configuration111111010 660 914 916 
configuration111111011 636 593 587 
configuration111111100 620 858 833 
configuration111111101 620 720 721 
configuration111111110 616 709 701 
configuration111111111 604 637 637 
