variation000000000  804    605   606
variation000000001  772    1035  996
variation000000010  712    994   1006
variation000000011  736    1062  1107
variation000000100  716    906   883
variation000000101  724    943   933
variation000000110  716    1120  1113
variation000000111  744    786   735
variation000001000  768    1003  978
variation000001001  780    1138  1103
variation000001010  796    1135  1165
variation000001011  792    1212  1162
variation000001100  780    1003  1000
variation000001101  796    867   889
variation000001110  792    1083  1168
variation000001111  788    1504  1521
variation000010000  4344   865   839
variation000010001  4392   2962  2997
variation000010010  4140   2037  1991
variation000010011  4304   3017  2899
variation000010100  4244   2630  2619
variation000010101  4496   3147  2945
variation000010110  4200   1856  1886
variation000010111  4132   2634  2629
variation000011000  4288   2875  2897
variation000011001  4288   3375  3343
variation000011010  4296   3193  3095
variation000011011  4260   3278  3217
variation000011100  4296   3359  3285
variation000011101  4416   3279  3091
variation000011110  4388   3334  3308
variation000011111  4436   3135  3003
variation000100000  700    658   654
variation000100001  712    1200  1166
variation000100010  708    842   832
variation000100011  732    989   997
variation000100100  700    902   880
variation000100101  732    938   961
variation000100110  704    1062  1079
variation000100111  720    757   727
variation000101000  768    815   792
variation000101001  788    1113  1081
variation000101010  780    1151  1089
variation000101011  796    1320  1160
variation000101100  772    995   996
variation000101101  792    871   849
variation000101110  784    1108  1199
variation000101111  784    1464  1442
variation000110000  4244   896   840
variation000110001  4288   2974  2956
variation000110010  4196   1969  1946
variation000110011  4152   2946  2945
variation000110100  4164   2641  2721
variation000110101  4192   3138  2975
variation000110110  4324   1840  1831
variation000110111  4288   2691  2705
variation000111000  4544   3000  3042
variation000111001  4520   3394  3430
variation000111010  4416   3409  3057
variation000111011  4260   3117  3115
variation000111100  4324   3337  3374
variation000111101  4264   3121  3107
variation000111110  4384   3321  3185
variation000111111  4436   2885  2927
variation001000000  16268  1589  1451
variation001000001  17040  1895  1466
variation001000010  16368  1860  1481
variation001000011  16180  1943  1684
variation001000100  16400  1128  825
variation001000101  16532  1407  1067
variation001000110  17280  2589  2312
variation001000111  17516  2626  2308
variation001001000  16012  1400  1147
variation001001001  16164  1611  1272
variation001001010  16028  1665  1315
variation001001011  18224  1591  1260
variation001001100  16304  1118  821
variation001001101  16360  1179  934
variation001001110  16756  2205  2169
variation001001111  17344  2374  2095
variation001010000  19020  5458  5043
variation001010001  20096  5117  4813
variation001010010  19796  4578  4271
variation001010011  20172  4245  3901
variation001010100  20812  6330  5987
variation001010101  20468  4688  4460
variation001010110  20036  5170  4919
variation001010111  20464  3866  3714
variation001011000  19484  5218  4886
variation001011001  18996  5060  4772
variation001011010  21348  4461  4019
variation001011011  19772  4353  4687
variation001011100  21584  5802  5514
variation001011101  20188  4113  3864
variation001011110  19672  5450  5112
variation001011111  19984  3284  3030
variation001100000  16060  1561  1271
variation001100001  16080  1858  1523
variation001100010  16148  1856  1496
variation001100011  16268  1878  1644
variation001100100  16644  1117  821
variation001100101  16440  1397  1060
variation001100110  17204  2697  2312
variation001100111  17672  2584  2277
variation001101000  16580  1407  1093
variation001101001  16056  1587  1266
variation001101010  16024  1670  1388
variation001101011  16308  1586  1295
variation001101100  17116  1122  842
variation001101101  16692  1215  948
variation001101110  17096  2212  2118
variation001101111  17292  2317  2056
variation001110000  18928  4869  4546
variation001110001  20856  4526  4349
variation001110010  19940  4491  4221
variation001110011  20044  4283  3911
variation001110100  21464  5305  5170
variation001110101  19964  4908  4394
variation001110110  19692  5038  5465
variation001110111  20248  3835  3523
variation001111000  18724  5081  4822
variation001111001  18804  5060  4655
variation001111010  19572  5208  4730
variation001111011  19432  4316  3937
variation001111100  20752  5574  5303
variation001111101  19740  4137  3760
variation001111110  19832  5507  5147
variation001111111  20032  3468  3306
variation010000000  21688  2061  1693
variation010000001  21116  2485  2202
variation010000010  21252  2382  2044
variation010000011  21788  2648  2248
variation010000100  21132  4583  4220
variation010000101  21132  1509  1182
variation010000110  21208  5393  4981
variation010000111  26284  5783  5248
variation010001000  21140  2349  1871
variation010001001  21348  2635  2251
variation010001010  21252  2685  2285
variation010001011  21496  2817  2359
variation010001100  21760  4915  4669
variation010001101  21716  1697  1347
variation010001110  21176  5709  5401
variation010001111  23196  5783  5424
variation010010000  3620   1805  1724
variation010010001  3700   1161  1183
variation010010010  3624   2014  2040
variation010010011  3700   1167  1148
variation010010100  3616   1631  1619
variation010010101  3640   1855  1837
variation010010110  2792   1935  1985
variation010010111  2736   1748  1739
variation010011000  3720   1970  1989
variation010011001  3692   1381  1360
variation010011010  3712   1503  1469
variation010011011  3740   1316  1271
variation010011100  3756   1946  1913
variation010011101  3692   1960  1968
variation010011110  2852   2471  2482
variation010011111  2876   1802  1777
variation010100000  21020  2135  1708
variation010100001  21088  2530  2152
variation010100010  21276  2449  2181
variation010100011  22436  2725  2472
variation010100100  21188  4612  4354
variation010100101  21288  1455  1230
variation010100110  20996  5351  4962
variation010100111  20996  5769  5366
variation010101000  21060  2382  1828
variation010101001  21908  2543  2184
variation010101010  21300  3862  3370
variation010101011  21424  2924  2433
variation010101100  21136  4915  4451
variation010101101  21300  1711  1340
variation010101110  21084  5721  5273
variation010101111  22444  5890  5400
variation010110000  3664   1623  1585
variation010110001  3640   1293  1308
variation010110010  3608   2025  2007
variation010110011  3648   1193  1181
variation010110100  3636   1637  1656
variation010110101  3632   1845  1458
variation010110110  2716   2018  3101
variation010110111  2720   1774  1792
variation010111000  3764   2061  2020
variation010111001  3720   1387  1384
variation010111010  3708   1589  1602
variation010111011  3740   1440  1427
variation010111100  3660   2019  1917
variation010111101  3736   2002  2106
variation010111110  3004   2609  2476
variation010111111  2824   1869  1857
variation011000000  19896  2413  2025
variation011000001  19844  2651  2128
variation011000010  20060  2752  2189
variation011000011  19988  2683  2160
variation011000100  19980  1675  1299
variation011000101  20020  5499  4932
variation011000110  20584  5169  4673
variation011000111  19856  4934  4475
variation011001000  19864  2161  1803
variation011001001  19628  2520  1909
variation011001010  20044  2510  1991
variation011001011  19984  2404  1918
variation011001100  19912  1368  1017
variation011001101  20504  4869  4376
variation011001110  19960  4793  4405
variation011001111  19828  4662  4246
variation011010000  740    1435  1383
variation011010001  736    1116  1096
variation011010010  772    1314  1339
variation011010011  728    864   864
variation011010100  748    1194  1163
variation011010101  752    1301  1245
variation011010110  736    1197  1187
variation011010111  728    949   942
variation011011000  624    1315  1278
variation011011001  616    618   606
variation011011010  620    1071  735
variation011011011  616    668   649
variation011011100  636    1234  1217
variation011011101  616    1315  1203
variation011011110  620    1072  1043
variation011011111  636    895   853
variation011100000  19768  4702  4222
variation011100001  22120  2748  2284
variation011100010  19960  2600  1680
variation011100011  26568  2742  2208
variation011100100  20156  1727  1016
variation011100101  20188  5314  4779
variation011100110  20332  5315  4885
variation011100111  20108  4928  4476
variation011101000  19756  4419  3751
variation011101001  19632  2471  1967
variation011101010  19924  2246  1836
variation011101011  19860  2380  1944
variation011101100  19992  1353  951
variation011101101  20028  4800  4114
variation011101110  19596  4728  4372
variation011101111  19820  4672  4184
variation011110000  728    1351  1331
variation011110001  736    887   882
variation011110010  728    1128  1105
variation011110011  740    1006  927
variation011110100  744    1165  1149
variation011110101  728    1281  1272
variation011110110  732    1223  1197
variation011110111  720    980   952
variation011111000  620    1337  1336
variation011111001  620    626   601
variation011111010  616    821   808
variation011111011  604    669   680
variation011111100  644    1241  1233
variation011111101  632    975   951
variation011111110  636    1118  1094
variation011111111  632    914   916
variation100000000  768    617   595
variation100000001  792    1177  1124
variation100000010  704    881   905
variation100000011  732    1036  1059
variation100000100  700    869   854
variation100000101  724    921   911
variation100000110  708    941   673
variation100000111  732    1126  1125
variation100001000  764    978   896
variation100001001  776    1245  1197
variation100001010  784    1077  1170
variation100001011  804    1228  1164
variation100001100  772    999   977
variation100001101  804    1137  1110
variation100001110  780    821   833
variation100001111  792    1257  1294
variation100010000  4196   2834  2753
variation100010001  4172   3073  3107
variation100010010  4324   1478  1478
variation100010011  4176   2922  2926
variation100010100  4140   2627  2715
variation100010101  4216   2610  2549
variation100010110  4156   2018  1926
variation100010111  4224   2275  2247
variation100011000  4232   3169  3128
variation100011001  4236   3162  3174
variation100011010  4332   3046  3025
variation100011011  4248   2864  2883
variation100011100  4236   3447  3471
variation100011101  4268   2759  2728
variation100011110  4292   3350  3337
variation100011111  4212   2495  2451
variation100100000  692    661   655
variation100100001  720    1017  1053
variation100100010  708    1016  909
variation100100011  736    1118  1155
variation100100100  740    951   916
variation100100101  748    1009  939
variation100100110  724    947   683
variation100100111  728    1112  1132
variation100101000  776    1000  975
variation100101001  812    1303  1251
variation100101010  780    1009  1008
variation100101011  792    1209  1168
variation100101100  772    974   964
variation100101101  800    1144  1101
variation100101110  796    838   835
variation100101111  792    1278  1301
variation100110000  4176   2736  2787
variation100110001  4248   2990  2993
variation100110010  4152   1481  1458
variation100110011  4100   2893  2850
variation100110100  4196   2639  2695
variation100110101  4280   2544  2546
variation100110110  4320   1875  1851
variation100110111  4256   2318  2352
variation100111000  4396   3434  3367
variation100111001  4432   3221  3224
variation100111010  4296   3090  2967
variation100111011  4412   2899  2976
variation100111100  4340   3476  3322
variation100111101  4380   2789  2750
variation100111110  4400   3468  3469
variation100111111  4328   2575  2451
variation101000000  16096  1876  1477
variation101000001  16120  1876  1477
variation101000010  16864  1877  1626
variation101000011  16664  1902  1499
variation101000100  17452  1245  931
variation101000101  17472  2464  2577
variation101000110  18388  2406  2178
variation101000111  16276  2528  2199
variation101001000  16080  2190  1873
variation101001001  15976  1631  1260
variation101001010  16592  1677  1379
variation101001011  18792  1718  1376
variation101001100  17392  1113  834
variation101001101  18452  2159  1916
variation101001110  18568  2230  1976
variation101001111  15964  2114  1787
variation101010000  18776  5192  4811
variation101010001  18868  4624  4328
variation101010010  21892  5227  5015
variation101010011  19724  5985  5321
variation101010100  21208  6174  5875
variation101010101  23436  4281  4075
variation101010110  20432  4908  4710
variation101010111  21604  3374  3273
variation101011000  18740  4541  4235
variation101011001  18672  4127  3869
variation101011010  19436  5172  4830
variation101011011  18836  4342  4014
variation101011100  21400  5802  5187
variation101011101  20076  3884  3625
variation101011110  20368  4914  4720
variation101011111  19708  2900  2559
variation101100000  16132  2280  1995
variation101100001  16408  1864  1453
variation101100010  17748  1866  1552
variation101100011  16176  1926  1529
variation101100100  18812  1258  940
variation101100101  17416  2369  2105
variation101100110  16436  2443  2217
variation101100111  17808  2380  2286
variation101101000  16124  2159  1897
variation101101001  15936  1652  1240
variation101101010  15972  1682  1321
variation101101011  15968  1697  1291
variation101101100  17388  1137  819
variation101101101  17324  2124  1920
variation101101110  16148  2397  1968
variation101101111  16000  2061  1845
variation101110000  18932  5269  4952
variation101110001  21476  5354  5110
variation101110010  22684  5414  5007
variation101110011  18712  4982  4588
variation101110100  20768  5577  5558
variation101110101  20204  4317  4046
variation101110110  20436  5158  5582
variation101110111  19616  3414  3137
variation101111000  18724  4577  4170
variation101111001  18648  4142  3732
variation101111010  20212  5137  4723
variation101111011  18616  4254  3905
variation101111100  21104  5538  5136
variation101111101  20224  3897  3620
variation101111110  20304  5003  4685
variation101111111  19676  2854  2627
variation110000000  21128  4329  3915
variation110000001  29524  5270  4941
variation110000010  21200  2573  2425
variation110000011  21472  2510  2146
variation110000100  21104  1534  922
variation110000101  21308  5193  4624
variation110000110  21056  1379  1160
variation110000111  21904  5997  4923
variation110001000  21692  4924  4446
variation110001001  21348  2621  2229
variation110001010  21296  2586  2377
variation110001011  21532  2741  2285
variation110001100  21288  1301  1100
variation110001101  21276  5296  4960
variation110001110  21104  5639  5337
variation110001111  21640  5636  5015
variation110010000  3648   1951  2054
variation110010001  3800   1964  1894
variation110010010  3660   2409  2405
variation110010011  3936   1244  1208
variation110010100  3644   1752  1767
variation110010101  3604   1636  1645
variation110010110  2748   1933  2006
variation110010111  2796   1570  1535
variation110011000  3692   2117  2073
variation110011001  3836   1360  1299
variation110011010  3720   1518  1479
variation110011011  3724   1386  1332
variation110011100  3720   2008  1821
variation110011101  3740   1873  1890
variation110011110  2912   2277  2230
variation110011111  2816   1733  1708
variation110100000  22988  4681  3903
variation110100001  21096  5277  4819
variation110100010  21080  3556  2256
variation110100011  21288  2550  2170
variation110100100  21064  1526  934
variation110100101  21176  5172  4637
variation110100110  20992  1364  1167
variation110100111  20996  5408  5001
variation110101000  21408  4925  4402
variation110101001  21892  2638  2212
variation110101010  23280  2682  2394
variation110101011  21252  2664  2315
variation110101100  21180  1303  1110
variation110101101  21208  5351  4962
variation110101110  21256  5729  5400
variation110101111  21140  5716  5135
variation110110000  3612   1811  1871
variation110110001  3632   1991  1921
variation110110010  3660   1442  1376
variation110110011  3644   1222  1181
variation110110100  3848   1778  1749
variation110110101  3640   1651  1649
variation110110110  2724   1861  1871
variation110110111  2732   1562  1526
variation110111000  3648   2161  2086
variation110111001  3708   1416  1378
variation110111010  3708   1604  1594
variation110111011  3704   1241  1242
variation110111100  3664   1891  958
variation110111101  3680   1856  1892
variation110111110  2828   2229  2206
variation110111111  2796   1692  1698
variation111000000  19892  2606  2024
variation111000001  19940  2526  2183
variation111000010  21232  2755  2210
variation111000011  20044  2668  2172
variation111000100  19996  4906  4135
variation111000101  19988  4956  4485
variation111000110  21588  5353  4916
variation111000111  20416  4720  4318
variation111001000  19716  2272  1875
variation111001001  19904  2402  1801
variation111001010  19876  2511  1964
variation111001011  19800  2282  1806
variation111001100  19948  4262  3825
variation111001101  19912  4676  4039
variation111001110  19776  4641  4297
variation111001111  19692  4698  4222
variation111010000  744    1329  1283
variation111010001  740    1103  1080
variation111010010  740    1183  1187
variation111010011  732    1113  975
variation111010100  736    1385  1310
variation111010101  740    1286  1309
variation111010110  732    1190  1181
variation111010111  720    990   979
variation111011000  624    1096  1072
variation111011001  616    876   786
variation111011010  612    1039  1032
variation111011011  616    670   661
variation111011100  628    1276  1184
variation111011101  624    1209  1215
variation111011110  620    1066  1022
variation111011111  624    887   890
variation111100000  19808  2510  2023
variation111100001  21052  2757  2220
variation111100010  20152  2716  2191
variation111100011  20096  2500  2028
variation111100100  20136  4844  4144
variation111100101  19940  4946  4429
variation111100110  19948  5165  4574
variation111100111  19896  4788  4298
variation111101000  19948  2276  1813
variation111101001  19808  2398  1926
variation111101010  20944  2333  1976
variation111101011  19836  2243  1836
variation111101100  20000  4367  3897
variation111101101  20016  4622  4149
variation111101110  19776  4741  4248
variation111101111  19896  4412  3798
variation111110000  740    1075  1052
variation111110001  732    1017  979
variation111110010  736    1172  1171
variation111110011  724    1045  955
variation111110100  728    1358  1329
variation111110101  752    1367  1371
variation111110110  768    1194  1165
variation111110111  732    991   980
variation111111000  616    1164  1100
variation111111001  612    880   819
variation111111010  612    1138  1094
variation111111011  600    677   665
variation111111100  628    1250  1236
variation111111101  624    1238  1068
variation111111110  612    1043  1056
variation111111111  624    882   866
