variation000000000  752     945    950
variation000000001  988     1132   1131
variation000000010  824     1099   1143
variation000000011  988     1232   1241
variation000000100  720     885    888
variation000000101  980     1153   1042
variation000000110  888     1372   1379
variation000000111  1080    1445   1465
variation000001000  1448    1153   1136
variation000001001  1628    1443   1403
variation000001010  1576    1283   1279
variation000001011  1828    1484   1458
variation000001100  1412    1084   1069
variation000001101  1636    1193   1217
variation000001110  1588    1521   1487
variation000001111  1764    1694   1556
variation000010000  16976   4551   4378
variation000010001  14260   4966   4741
variation000010010  16248   4019   3778
variation000010011  14280   4162   3860
variation000010100  14284   4589   4385
variation000010101  14236   4258   4064
variation000010110  14216   4873   4595
variation000010111  14212   4578   4381
variation000011000  14344   4572   4409
variation000011001  14400   4976   4756
variation000011010  14320   4271   4058
variation000011011  14236   4064   3965
variation000011100  14324   4657   4559
variation000011101  14548   4485   4257
variation000011110  14380   5002   5024
variation000011111  14312   4724   4576
variation000100000  704     920    935
variation000100001  980     1125   1146
variation000100010  828     1075   1150
variation000100011  1020    1225   1235
variation000100100  728     889    934
variation000100101  1012    1134   1028
variation000100110  864     1346   1408
variation000100111  1048    1444   1480
variation000101000  1508    1110   1093
variation000101001  1748    1359   1349
variation000101010  1508    1371   1356
variation000101011  1636    1494   1466
variation000101100  1464    1094   1066
variation000101101  1640    1199   1194
variation000101110  1576    1529   1490
variation000101111  1784    1616   1537
variation000110000  16204   4475   4391
variation000110001  14268   4916   4699
variation000110010  16240   4034   3857
variation000110011  14300   4153   3859
variation000110100  14156   4528   4369
variation000110101  14312   4208   3995
variation000110110  14260   4875   4604
variation000110111  14148   4550   4442
variation000111000  14352   4544   4378
variation000111001  14356   5053   5105
variation000111010  14752   4403   4381
variation000111011  14372   4199   3959
variation000111100  14280   4701   4605
variation000111101  14520   4517   4349
variation000111110  14320   5005   4883
variation000111111  14296   4727   4606
variation001000000  20484   2700   2391
variation001000001  24024   3516   3200
variation001000010  19900   3503   3182
variation001000011  24240   3401   2955
variation001000100  22592   3056   2697
variation001000101  20500   3396   3047
variation001000110  21508   3356   3085
variation001000111  20720   3361   3123
variation001001000  17460   2588   2337
variation001001001  17412   3095   2886
variation001001010  21344   2691   2387
variation001001011  17300   2828   2509
variation001001100  18928   2715   2454
variation001001101  19440   2863   2555
variation001001110  19972   2838   2499
variation001001111  18916   2693   2424
variation001010000  30100   5895   5490
variation001010001  30160   6583   6452
variation001010010  31392   5815   5465
variation001010011  31032   6048   5663
variation001010100  34484   6013   5768
variation001010101  32104   6131   5812
variation001010110  30888   5980   5677
variation001010111  30020   5650   5347
variation001011000  31052   5846   5443
variation001011001  32856   6013   5533
variation001011010  31980   5688   5443
variation001011011  31080   5642   5284
variation001011100  33124   5776   5573
variation001011101  33692   6017   5778
variation001011110  31088   5872   5654
variation001011111  31064   5481   5040
variation001100000  20072   2789   2486
variation001100001  20544   3444   3030
variation001100010  19808   3526   3144
variation001100011  19708   3317   3025
variation001100100  20960   3078   2728
variation001100101  20452   3524   3057
variation001100110  20888   3351   2959
variation001100111  20708   3323   2973
variation001101000  20652   2649   2304
variation001101001  17344   2760   2441
variation001101010  20348   2646   2403
variation001101011  20412   2660   2417
variation001101100  19764   2607   2294
variation001101101  19028   2916   2555
variation001101110  20284   2763   2462
variation001101111  18796   2725   2401
variation001110000  30580   5958   5522
variation001110001  29948   6502   6293
variation001110010  31684   5850   5462
variation001110011  30168   5909   5728
variation001110100  30716   5894   5700
variation001110101  32908   6055   5623
variation001110110  32468   5981   5606
variation001110111  29240   5550   5311
variation001111000  29856   5663   5505
variation001111001  30512   5951   5564
variation001111010  31276   5651   5307
variation001111011  30744   5498   5284
variation001111100  31556   5868   5504
variation001111101  34988   5980   5627
variation001111110  35544   5880   5562
variation001111111  31700   5488   5002
variation010000000  72956   10120  8486
variation010000001  75204   12218  10499
variation010000010  75496   11650  9944
variation010000011  71804   11672  10271
variation010000100  80880   10053  8911
variation010000101  72940   11936  9880
variation010000110  74964   12468  10978
variation010000111  87832   12925  11278
variation010001000  93260   10020  8689
variation010001001  74776   13041  11266
variation010001010  72284   11650  10097
variation010001011  76972   13502  11914
variation010001100  73924   10409  8978
variation010001101  84312   12130  10372
variation010001110  72812   12910  11270
variation010001111  79196   13381  11233
variation010010000  9388    2232   2010
variation010010001  8464    2595   2170
variation010010010  9364    2103   1873
variation010010011  8360    2333   2171
variation010010100  8384    2421   2182
variation010010101  8552    2394   2135
variation010010110  8684    2339   2065
variation010010111  8384    2228   2005
variation010011000  8476    2249   2165
variation010011001  8572    2684   2256
variation010011010  8984    2102   1913
variation010011011  8448    2163   2033
variation010011100  8508    2592   2331
variation010011101  8424    2225   2103
variation010011110  8592    2306   2137
variation010011111  8456    2518   2216
variation010100000  75048   9721   8429
variation010100001  71772   12680  10340
variation010100010  76304   11024  10028
variation010100011  75748   11646  10219
variation010100100  80824   10205  8888
variation010100101  72400   11062  9817
variation010100110  74628   12449  10912
variation010100111  76052   12737  11450
variation010101000  74272   10120  8634
variation010101001  77176   13025  11252
variation010101010  72340   11950  10045
variation010101011  81280   13037  11962
variation010101100  80968   10077  8665
variation010101101  73296   11974  10261
variation010101110  73320   13277  11146
variation010101111  73060   12888  11210
variation010110000  9360    2310   2099
variation010110001  8564    2574   2229
variation010110010  9328    2150   1839
variation010110011  8380    2385   2115
variation010110100  8344    2353   2109
variation010110101  8424    2326   2082
variation010110110  8444    2215   1999
variation010110111  8460    2136   1954
variation010111000  8460    2236   2126
variation010111001  8564    2741   2345
variation010111010  8928    2076   1875
variation010111011  8432    2183   1994
variation010111100  8500    2581   2312
variation010111101  8392    2303   2092
variation010111110  8496    2304   2127
variation010111111  8444    2488   2201
variation011000000  43020   6228   5547
variation011000001  35168   6329   5623
variation011000010  34860   6535   5729
variation011000011  41120   6912   6122
variation011000100  35232   6182   5328
variation011000101  39012   6619   5988
variation011000110  41296   6188   5441
variation011000111  36836   6916   6011
variation011001000  41768   6265   5585
variation011001001  32580   6663   5974
variation011001010  39144   6567   5892
variation011001011  32664   6542   5941
variation011001100  32976   5515   4848
variation011001101  45308   6447   5742
variation011001110  34464   5819   5269
variation011001111  39996   6274   5424
variation011010000  828     1298   1298
variation011010001  856     1290   1331
variation011010010  832     1034   1039
variation011010011  812     928    963
variation011010100  844     1366   1417
variation011010101  836     1195   1214
variation011010110  832     1116   1122
variation011010111  816     992    1019
variation011011000  724     1142   1163
variation011011001  628     1153   1134
variation011011010  716     873    957
variation011011011  612     952    946
variation011011100  652     1101   1190
variation011011101  664     1123   1166
variation011011110  660     1050   1100
variation011011111  640     944    947
variation011100000  43180   6137   5577
variation011100001  36648   6288   5528
variation011100010  34788   6355   5711
variation011100011  35372   7329   6749
variation011100100  36392   5906   5318
variation011100101  35036   6683   6005
variation011100110  37024   6030   5450
variation011100111  39420   6792   6178
variation011101000  34196   6198   5560
variation011101001  32396   6582   5931
variation011101010  39484   5942   5344
variation011101011  39460   6585   5807
variation011101100  35116   5521   4950
variation011101101  34396   6583   5769
variation011101110  36068   5705   4987
variation011101111  38260   6287   5481
variation011110000  828     1302   1331
variation011110001  828     1335   1263
variation011110010  836     1023   1031
variation011110011  800     937    951
variation011110100  824     1361   1425
variation011110101  832     1185   1269
variation011110110  872     1104   1122
variation011110111  812     977    989
variation011111000  640     1120   1168
variation011111001  644     1104   988
variation011111010  632     876    905
variation011111011  620     907    925
variation011111100  648     1093   1205
variation011111101  636     1107   1146
variation011111110  644     1043   1085
variation011111111  700     913    922
variation100000000  760     938    957
variation100000001  944     1188   1190
variation100000010  816     1102   1106
variation100000011  972     1367   1400
variation100000100  720     867    862
variation100000101  1000    1081   1076
variation100000110  832     1110   1127
variation100000111  1016    1302   1195
variation100001000  1364    1062   1066
variation100001001  1556    1344   1353
variation100001010  1508    1363   1378
variation100001011  1700    1509   1601
variation100001100  1420    1163   1187
variation100001101  1640    1375   1391
variation100001110  1588    1397   1550
variation100001111  1704    1528   1445
variation100010000  15876   4472   4350
variation100010001  13932   4715   4657
variation100010010  16044   4767   4614
variation100010011  14088   4725   4346
variation100010100  14216   4580   4419
variation100010101  14116   4555   4359
variation100010110  14032   4874   4722
variation100010111  14068   4242   4100
variation100011000  14228   4771   4651
variation100011001  14216   4199   4000
variation100011010  14272   4830   4769
variation100011011  14264   4673   4562
variation100011100  14328   4870   4698
variation100011101  14276   4654   4622
variation100011110  14672   5100   4738
variation100011111  14368   4483   4283
variation100100000  708     941    946
variation100100001  976     1191   1209
variation100100010  820     1111   1136
variation100100011  968     1365   1384
variation100100100  740     859    876
variation100100101  1004    1079   1100
variation100100110  844     1116   1114
variation100100111  1004    1290   1190
variation100101000  1408    1095   1072
variation100101001  1632    1350   1353
variation100101010  1484    1456   1415
variation100101011  1600    1520   1491
variation100101100  1428    1141   1176
variation100101101  1648    1315   1324
variation100101110  1528    1481   1363
variation100101111  1700    1467   1477
variation100110000  15980   4432   4375
variation100110001  13956   4798   4541
variation100110010  15996   4763   4581
variation100110011  13988   4561   4300
variation100110100  14052   4526   4616
variation100110101  14020   4575   4357
variation100110110  14096   4825   4729
variation100110111  13984   4313   4161
variation100111000  14124   4746   4738
variation100111001  14664   4457   4072
variation100111010  14144   4900   4796
variation100111011  14276   4754   4554
variation100111100  14216   4937   4713
variation100111101  14280   4656   4585
variation100111110  14476   4902   4774
variation100111111  14140   4481   4165
variation101000000  19780   2959   2691
variation101000001  23204   3030   2735
variation101000010  19704   3165   2894
variation101000011  19784   3288   2898
variation101000100  20820   3427   3189
variation101000101  20804   2891   2583
variation101000110  20188   3260   2933
variation101000111  20972   3213   2816
variation101001000  18364   2619   2341
variation101001001  21144   2752   2529
variation101001010  17096   2739   2441
variation101001011  17160   2614   2308
variation101001100  17792   2602   2340
variation101001101  20128   2742   2450
variation101001110  17664   2937   2723
variation101001111  18368   2678   2369
variation101010000  31720   5866   5611
variation101010001  30852   6298   6052
variation101010010  31404   5772   5480
variation101010011  30068   5533   5259
variation101010100  30488   5975   5669
variation101010101  28956   5931   5476
variation101010110  31192   5879   5461
variation101010111  31152   5142   4973
variation101011000  30072   6059   5719
variation101011001  31164   5719   5387
variation101011010  31812   5704   5466
variation101011011  30928   5274   4988
variation101011100  31024   5849   5650
variation101011101  31992   5610   5355
variation101011110  29456   5869   5473
variation101011111  31260   4877   4556
variation101100000  20524   2935   2679
variation101100001  20536   3014   2764
variation101100010  20668   3216   2939
variation101100011  20004   3203   2897
variation101100100  20436   3046   2724
variation101100101  20744   3336   2953
variation101100110  23168   3181   2922
variation101100111  20156   3128   2807
variation101101000  18792   2692   2366
variation101101001  19776   2854   2559
variation101101010  17212   2688   2477
variation101101011  17236   2655   2314
variation101101100  17932   2640   2336
variation101101101  20092   2729   2418
variation101101110  19132   2768   2639
variation101101111  17960   2656   2427
variation101110000  32208   5948   5486
variation101110001  32228   6243   6160
variation101110010  30784   5814   5423
variation101110011  29720   5500   5504
variation101110100  29920   5996   5691
variation101110101  29848   5795   5479
variation101110110  32188   5802   5520
variation101110111  30860   5453   4898
variation101111000  33532   6072   5973
variation101111001  32992   5870   5463
variation101111010  30656   5760   5695
variation101111011  30040   5227   4993
variation101111100  29848   5948   5649
variation101111101  31556   5724   5318
variation101111110  30072   5917   5647
variation101111111  31460   4923   4779
variation110000000  75824   9530   8072
variation110000001  77004   11547  9967
variation110000010  75952   11157  9717
variation110000011  103904  12255  10123
variation110000100  73364   10775  9200
variation110000101  77308   11696  9539
variation110000110  73396   10556  9041
variation110000111  73996   12176  10428
variation110001000  77760   10603  9332
variation110001001  75536   11354  9742
variation110001010  80620   12391  10854
variation110001011  79496   10252  8613
variation110001100  74072   12124  10252
variation110001101  83972   11841  9967
variation110001110  74092   11691  10412
variation110001111  77508   11713  9739
variation110010000  9256    2273   2134
variation110010001  8420    2232   1947
variation110010010  9408    2248   2091
variation110010011  8296    2156   2066
variation110010100  8360    2392   2156
variation110010101  8328    2412   2190
variation110010110  8392    2467   2123
variation110010111  8404    2092   1832
variation110011000  8552    2525   2299
variation110011001  8496    2526   2270
variation110011010  8576    2504   2374
variation110011011  8460    2197   2014
variation110011100  8520    2435   2319
variation110011101  8744    2596   2395
variation110011110  8776    2560   2447
variation110011111  8552    2224   2010
variation110100000  76176   9559   7965
variation110100001  78892   11314  9543
variation110100010  76032   11111  9347
variation110100011  90616   12308  10544
variation110100100  81736   10395  9292
variation110100101  73036   9329   7601
variation110100110  72520   10494  9308
variation110100111  73380   10926  9498
variation110101000  76388   10839  9509
variation110101001  77920   10689  9088
variation110101010  74200   11094  9568
variation110101011  74268   12045  10444
variation110101100  84512   12188  9728
variation110101101  79204   11655  9455
variation110101110  84016   11132  9507
variation110101111  79496   11616  9912
variation110110000  9292    2309   2104
variation110110001  8392    2243   1930
variation110110010  9284    2269   2181
variation110110011  8420    2198   2090
variation110110100  8388    2456   2119
variation110110101  8432    2375   2174
variation110110110  8780    2403   2128
variation110110111  8536    2229   1998
variation110111000  8860    2674   2406
variation110111001  8664    2548   2276
variation110111010  9296    2586   2368
variation110111011  8672    2254   2008
variation110111100  8544    2448   2257
variation110111101  8524    2496   2264
variation110111110  8600    2597   2386
variation110111111  8568    2280   2094
variation111000000  42484   6372   5580
variation111000001  35192   6406   5711
variation111000010  37324   6413   5721
variation111000011  35340   6629   5643
variation111000100  39536   6446   6070
variation111000101  37200   6602   5938
variation111000110  38060   6179   5344
variation111000111  36616   6315   5466
variation111001000  32848   6217   5646
variation111001001  32848   6714   5972
variation111001010  32608   5796   4941
variation111001011  32712   5563   4776
variation111001100  33420   6087   5471
variation111001101  36684   6137   5312
variation111001110  33720   6701   5751
variation111001111  35340   5357   4589
variation111010000  832     1190   1200
variation111010001  820     1162   1179
variation111010010  824     1097   1104
variation111010011  808     991    994
variation111010100  852     1308   1424
variation111010101  832     1349   1320
variation111010110  880     1107   1148
variation111010111  900     978    1005
variation111011000  652     1052   1092
variation111011001  700     1107   1114
variation111011010  688     1009   1017
variation111011011  628     869    881
variation111011100  668     1167   1198
variation111011101  696     1144   1215
variation111011110  680     1169   1138
variation111011111  680     930    909
variation111100000  41572   6315   5627
variation111100001  42244   6292   5821
variation111100010  35260   6542   5911
variation111100011  37408   6179   5379
variation111100100  41956   6454   5693
variation111100101  36528   6684   5846
variation111100110  38496   6885   5915
variation111100111  38072   6194   5310
variation111101000  40868   6223   5540
variation111101001  32676   6648   5869
variation111101010  32612   5962   5172
variation111101011  32520   6729   5745
variation111101100  34464   5916   5435
variation111101101  35476   6142   5267
variation111101110  36196   5721   4940
variation111101111  35548   5379   4603
variation111110000  816     1183   1189
variation111110001  820     1144   1164
variation111110010  828     1036   1040
variation111110011  808     859    864
variation111110100  832     1282   1414
variation111110101  840     1330   1328
variation111110110  832     1130   1136
variation111110111  832     917    913
variation111111000  648     1052   1084
variation111111001  636     1097   1097
variation111111010  656     914    904
variation111111011  608     922    935
variation111111100  652     1131   1193
variation111111101  644     1129   1141
variation111111110  644     1041   1070
variation111111111  624     935    935
