variation00000 2952 1345 1329 
variation00001 2948 1448 1435 
variation00010 4648 1880 1985 
variation00011 4700 1952 1932 
variation00100 2920 1295 1293 
variation00101 2944 1338 1347 
variation00110 4636 1910 1963 
variation00111 4656 2032 2055 
variation01000 5248 1677 1671 
variation01001 5564 1716 1770 
variation01010 5544 1755 1752 
variation01011 5528 1931 1707 
variation01100 5144 1511 1631 
variation01101 5604 1558 1667 
variation01110 5544 1535 1677 
variation01111 5904 1598 1740 
variation10000 4396 2414 2423 
variation10001 4360 1618 1653 
variation10010 4392 2427 2448 
variation10011 4316 1613 1646 
variation10100 4460 2239 2410 
variation10101 4328 1457 1529 
variation10110 4400 2452 2460 
variation10111 4324 1477 1525 
variation11000 3720 2382 2400 
variation11001 3532 1633 1635 
variation11010 3668 2381 2422 
variation11011 3540 1653 1653 
variation11100 3648 2418 2457 
variation11101 3572 1412 1548 
variation11110 3632 2392 2434 
variation11111 3552 1442 1604 
