variation00000000 568 618 606 
variation00000001 22928 3563 2974 
variation00000010 20888 5933 4748 
variation00000011 36632 8846 6957 
variation00000100 4444 852 800 
variation00000101 22120 3374 2766 
variation00000110 26408 5814 4661 
variation00000111 40296 8405 7076 
variation00001000 7312 1171 1055 
variation00001001 32648 4535 3679 
variation00001010 30524 6642 5242 
variation00001011 45652 9623 7826 
variation00001100 7592 1286 1182 
variation00001101 24652 3699 2939 
variation00001110 28700 6757 5412 
variation00001111 42540 9314 7303 
variation00010000 10928 1671 1495 
variation00010001 9156 1565 1421 
variation00010010 8876 1286 1061 
variation00010011 5184 1102 994 
variation00010100 13704 2226 2269 
variation00010101 10372 2142 2027 
variation00010110 11368 1454 1342 
variation00010111 6132 1084 1000 
variation00011000 14060 2372 2269 
variation00011001 11240 1648 1559 
variation00011010 11048 1891 1696 
variation00011011 6404 1161 1129 
variation00011100 13236 2420 2482 
variation00011101 9432 1540 1400 
variation00011110 10884 1917 1806 
variation00011111 5148 1060 990 
variation00100000 5124 1731 1555 
variation00100001 24940 5507 4435 
variation00100010 19468 4032 3503 
variation00100011 34068 7566 5507 
variation00100100 8532 2256 1977 
variation00100101 26244 5195 4251 
variation00100110 23624 4867 3837 
variation00100111 36328 6775 5247 
variation00101000 12356 2532 2259 
variation00101001 35528 6255 6260 
variation00101010 28080 5965 5356 
variation00101011 40192 7759 6175 
variation00101100 11624 2440 2203 
variation00101101 29640 5449 4406 
variation00101110 25104 4828 4070 
variation00101111 39460 7040 5505 
variation00110000 11572 1994 1963 
variation00110001 10168 2036 2002 
variation00110010 7384 1035 970 
variation00110011 3652 877 838 
variation00110100 14552 2702 2691 
variation00110101 10972 2571 2426 
variation00110110 9776 1167 1029 
variation00110111 4640 811 753 
variation00111000 14004 2649 2719 
variation00111001 11884 2060 1923 
variation00111010 9488 1598 1438 
variation00111011 4952 894 867 
variation00111100 14024 2867 2301 
variation00111101 10016 1880 1828 
variation00111110 9060 1772 1622 
variation00111111 3880 809 762 
variation01000000 500 596 605 
variation01000001 20696 3772 2946 
variation01000010 21844 5514 4506 
variation01000011 37296 8756 7163 
variation01000100 4348 839 810 
variation01000101 22524 3780 3090 
variation01000110 24936 5679 4642 
variation01000111 42144 8408 6932 
variation01001000 7336 1294 1160 
variation01001001 29836 4105 3394 
variation01001010 30628 6337 5192 
variation01001011 43428 10888 8739 
variation01001100 8224 1266 1197 
variation01001101 26800 3460 2824 
variation01001110 28064 6601 5480 
variation01001111 44204 9145 7278 
variation01010000 10884 1647 1523 
variation01010001 9068 1682 1420 
variation01010010 9020 1354 1235 
variation01010011 5320 1002 1050 
variation01010100 13868 1865 1810 
variation01010101 10596 1552 1517 
variation01010110 11288 1433 1235 
variation01010111 6436 1108 932 
variation01011000 13192 2237 2372 
variation01011001 10420 1733 1559 
variation01011010 11204 1436 1341 
variation01011011 7080 1064 1014 
variation01011100 12756 2362 2354 
variation01011101 9648 1442 1491 
variation01011110 11356 1533 1347 
variation01011111 5576 945 903 
variation01100000 4512 1662 1479 
variation01100001 27024 5102 4247 
variation01100010 20128 4181 3620 
variation01100011 34728 8408 6941 
variation01100100 8440 2149 1948 
variation01100101 29040 5180 4249 
variation01100110 21688 6252 5538 
variation01100111 38896 8257 5942 
variation01101000 11984 2470 2136 
variation01101001 34208 6088 5629 
variation01101010 25216 4877 4010 
variation01101011 39664 8444 6804 
variation01101100 11436 2472 2183 
variation01101101 29252 5235 4217 
variation01101110 24580 4708 3820 
variation01101111 39504 7504 5812 
variation01110000 11668 2112 1885 
variation01110001 9752 2054 1957 
variation01110010 7096 1107 997 
variation01110011 3604 859 831 
variation01110100 14108 2205 2074 
variation01110101 11604 1927 1897 
variation01110110 10144 1160 1035 
variation01110111 4920 831 792 
variation01111000 14744 2822 2761 
variation01111001 11788 2002 1976 
variation01111010 10064 1204 1076 
variation01111011 5392 785 833 
variation01111100 13600 2796 2759 
variation01111101 10932 1933 1843 
variation01111110 9612 1272 1010 
variation01111111 4188 759 727 
variation10000000 12460 3061 2537 
variation10000001 31708 6900 5279 
variation10000010 32892 9348 7265 
variation10000011 48844 12020 9948 
variation10000100 16764 3883 3318 
variation10000101 33744 6795 5564 
variation10000110 39424 9272 7666 
variation10000111 53192 13760 11314 
variation10001000 17248 3240 2631 
variation10001001 35076 7053 5784 
variation10001010 35280 9240 7495 
variation10001011 52360 13142 10817 
variation10001100 18844 3322 2742 
variation10001101 33068 6029 4799 
variation10001110 42548 9425 8070 
variation10001111 50348 12053 9571 
variation10010000 9788 1517 1547 
variation10010001 7600 1482 1358 
variation10010010 7784 1282 1039 
variation10010011 3884 886 938 
variation10010100 12464 2126 2109 
variation10010101 9372 1831 1878 
variation10010110 9716 1289 1226 
variation10010111 4732 920 878 
variation10011000 9460 1650 1515 
variation10011001 7324 1406 1306 
variation10011010 7336 1292 1203 
variation10011011 3072 855 819 
variation10011100 9716 1765 1605 
variation10011101 5712 1242 1181 
variation10011110 7260 1209 1126 
variation10011111 1612 788 750 
variation10100000 16176 4511 3793 
variation10100001 36244 8219 6722 
variation10100010 29216 7997 5816 
variation10100011 54684 12382 9683 
variation10100100 21844 5223 4357 
variation10100101 39228 8490 6524 
variation10100110 34792 7974 6411 
variation10100111 48676 10918 8806 
variation10101000 21004 5249 4589 
variation10101001 42392 8461 6728 
variation10101010 37232 8085 6895 
variation10101011 56200 10383 8418 
variation10101100 20484 4904 4172 
variation10101101 38604 9196 7777 
variation10101110 35248 7492 6004 
variation10101111 48860 10503 8349 
variation10110000 10248 1995 1917 
variation10110001 8856 1866 1849 
variation10110010 5944 937 880 
variation10110011 2204 700 674 
variation10110100 13152 2449 2551 
variation10110101 9732 2199 2240 
variation10110110 8224 1040 947 
variation10110111 3420 712 675 
variation10111000 10348 1951 1827 
variation10111001 8164 1784 1790 
variation10111010 5636 1002 966 
variation10111011 1508 627 625 
variation10111100 10376 2001 1955 
variation10111101 6528 1582 1554 
variation10111110 5732 997 924 
variation10111111 440 579 577 
variation11000000 13808 3036 2528 
variation11000001 32888 7659 5351 
variation11000010 31400 9533 7390 
variation11000011 51108 12384 9983 
variation11000100 18660 3223 2775 
variation11000101 33724 6183 5130 
variation11000110 36132 9394 7567 
variation11000111 51752 11699 9854 
variation11001000 15356 3355 2824 
variation11001001 34968 6688 5476 
variation11001010 38908 9939 8084 
variation11001011 57516 11948 9769 
variation11001100 16140 3448 2787 
variation11001101 33208 6275 5150 
variation11001110 36592 9079 7396 
variation11001111 51060 11808 9537 
variation11010000 10220 1571 1514 
variation11010001 7892 1469 1404 
variation11010010 8012 1275 1185 
variation11010011 3856 881 931 
variation11010100 11804 1834 1645 
variation11010101 9284 1415 1343 
variation11010110 9956 1379 1252 
variation11010111 4896 969 852 
variation11011000 9560 1642 1551 
variation11011001 6984 1389 1291 
variation11011010 7580 1214 1167 
variation11011011 3184 809 790 
variation11011100 9412 1644 1580 
variation11011101 5916 1256 1185 
variation11011110 7520 1300 1186 
variation11011111 1908 839 812 
variation11100000 17728 4997 3848 
variation11100001 37444 9432 7178 
variation11100010 31808 7726 6014 
variation11100011 44948 11334 9232 
variation11100100 20696 5317 5074 
variation11100101 38972 8627 6753 
variation11100110 34096 10245 7718 
variation11100111 48068 10466 9657 
variation11101000 20080 5058 4286 
variation11101001 39828 8763 7156 
variation11101010 38684 7093 5866 
variation11101011 57260 10114 8414 
variation11101100 21492 5156 4589 
variation11101101 36588 7747 6321 
variation11101110 34148 7261 6059 
variation11101111 47608 10663 8424 
variation11110000 11092 1987 2005 
variation11110001 8376 1844 1771 
variation11110010 5876 994 933 
variation11110011 2356 703 654 
variation11110100 12632 2132 2065 
variation11110101 10288 1788 1767 
variation11110110 8376 1081 1003 
variation11110111 3572 700 688 
variation11111000 9940 1979 1932 
variation11111001 7648 1902 1810 
variation11111010 5456 1010 969 
variation11111011 1492 633 604 
variation11111100 10104 1988 2164 
variation11111101 6940 1595 1547 
variation11111110 6052 1006 942 
variation11111111 432 584 587 
