variation00000 3016 1354 1306
variation00001 3036 1309 1301
variation00010 5928 1898 1810
variation00011 6160 1934 1888
variation00100 3012 1278 1246
variation00101 3048 1404 1388
variation00110 6212 1937 1854
variation00111 6496 1983 1878
variation01000 13964 2884 2712
variation01001 13652 2905 2753
variation01010 18892 3724 3394
variation01011 17108 3698 3466
variation01100 14080 2923 2670
variation01101 14076 2860 2737
variation01110 18044 3754 3475
variation01111 17420 3742 3501
variation10000 4704 2767 2781
variation10001 4752 2047 1951
variation10010 8092 3619 3553
variation10011 8380 2777 2691
variation10100 4664 2840 2702
variation10101 4656 1980 1908
variation10110 7996 3700 3564
variation10111 8172 2861 2789
variation11000 3896 2568 2525
variation11001 3856 1758 1717
variation11010 7232 3453 3397
variation11011 7312 2440 2396
variation11100 3952 2598 2525
variation11101 3836 1760 1698
variation11110 7152 3502 3422
variation11111 6836 2379 2325
