variation0000000  36796   21507   21534
variation0000001  325568  65551   61378
variation0000010  35340   22058   21607
variation0000011  340500  69159   64142
variation0000100  36348   21252   22158
variation0000101  328704  76903   71586
variation0000110  35576   20626   21655
variation0000111  335636  77120   73946
variation0001000  34984   21597   22715
variation0001001  351088  62981   63187
variation0001010  35272   20707   22558
variation0001011  337068  66677   65856
variation0001100  35444   21196   22274
variation0001101  365992  72508   70269
variation0001110  32828   21587   21117
variation0001111  333764  73225   71051
variation0010000  791012  110729  114182
variation0010001  475876  67455   61819
variation0010010  821420  118302  114076
variation0010011  451368  62201   60969
variation0010100  839916  132980  132026
variation0010101  452336  77533   78459
variation0010110  826508  148561  136219
variation0010111  450656  74652   76133
variation0011000  815264  119772  113167
variation0011001  470920  63079   60816
variation0011010  810608  133481  129633
variation0011011  483976  64570   63595
variation0011100  797860  102754  95099
variation0011101  485172  62075   64823
variation0011110  820736  139462  137312
variation0011111  448112  65731   62086
variation0100000  35700   22943   22381
variation0100001  212052  55598   56794
variation0100010  35184   21526   22304
variation0100011  210380  55716   57368
variation0100100  35364   21929   22898
variation0100101  213976  63612   63714
variation0100110  34572   21752   23313
variation0100111  214648  55849   57931
variation0101000  35908   22300   22889
variation0101001  214044  57776   53386
variation0101010  36452   21452   21655
variation0101011  237816  57328   58119
variation0101100  36572   22233   22809
variation0101101  217448  60754   60366
variation0101110  38728   22856   21768
variation0101111  219656  55664   57267
variation0110000  481496  102383  98191
variation0110001  282640  62552   61798
variation0110010  482552  99437   103100
variation0110011  286880  61630   59362
variation0110100  494396  99639   100891
variation0110101  283660  60270   61449
variation0110110  507168  100339  101768
variation0110111  277248  60299   60341
variation0111000  472372  90185   90468
variation0111001  281140  53942   54877
variation0111010  475356  99404   99662
variation0111011  294156  56933   55183
variation0111100  501180  97957   101990
variation0111101  287448  59342   62578
variation0111110  481104  101684  100517
variation0111111  287108  58984   60253
variation1000000  458104  63416   62226
variation1000001  800044  109337  108766
variation1000010  443448  67179   64800
variation1000011  777804  112873  108173
variation1000100  472868  82022   77703
variation1000101  810528  138678  125943
variation1000110  448028  65252   77560
variation1000111  792340  147740  148538
variation1001000  446892  67064   66667
variation1001001  823864  116589  106077
variation1001010  467280  70312   70149
variation1001011  830032  122747  123839
variation1001100  470604  66867   66309
variation1001101  832312  118574  107567
variation1001110  480476  66252   64463
variation1001111  848084  115138  107921
variation1010000  335644  112320  110064
variation1010001  37408   22528   24203
variation1010010  355960  98477   101223
variation1010011  39004   22868   22231
variation1010100  345072  98052   92713
variation1010101  36728   22633   22777
variation1010110  341876  87854   89742
variation1010111  35596   22179   23242
variation1011000  336880  79166   76432
variation1011001  37060   22507   22992
variation1011010  331444  99396   93997
variation1011011  37292   21532   22176
variation1011100  344724  96936   91531
variation1011101  40588   21712   22231
variation1011110  343584  93275   89210
variation1011111  40716   22990   23090
variation1100000  278368  62004   61349
variation1100001  505324  98061   90569
variation1100010  282468  63373   61375
variation1100011  490588  94269   91866
variation1100100  286100  60357   56866
variation1100101  485516  93222   93177
variation1100110  290268  55795   64627
variation1100111  477968  97898   95407
variation1101000  295692  56668   58316
variation1101001  477804  91467   92825
variation1101010  283908  54205   59273
variation1101011  510148  101789  99141
variation1101100  292460  55443   57807
variation1101101  476264  89464   91119
variation1101110  283884  56166   56697
variation1101111  499024  89015   88554
variation1110000  203544  55412   54684
variation1110001  36208   22525   22510
variation1110010  208852  55785   55408
variation1110011  36120   20959   22048
variation1110100  210208  53705   52849
variation1110101  35316   22265   22075
variation1110110  203024  55408   55962
variation1110111  36196   20640   21353
variation1111000  214108  58893   56734
variation1111001  35156   21965   22080
variation1111010  225556  59561   57608
variation1111011  37580   20800   21967
variation1111100  218276  56369   56287
variation1111101  35796   20905   22430
variation1111110  213740  56144   54587
variation1111111  34692   21204   21783
