variation00000 3164 1357 1363 
variation00001 3280 1313 1328 
variation00010 6268 1959 1937 
variation00011 6764 1940 1923 
variation00100 3092 1290 1314 
variation00101 3144 1444 1446 
variation00110 6248 1903 1884 
variation00111 6700 2050 1946 
variation01000 14872 3769 3721 
variation01001 15540 3828 3616 
variation01010 18684 4816 4527 
variation01011 19896 4751 4445 
variation01100 14840 3825 3477 
variation01101 14428 3778 3531 
variation01110 17688 4901 4532 
variation01111 19380 4828 4561 
variation10000 4980 2915 2834 
variation10001 4836 2027 1938 
variation10010 8104 3744 3612 
variation10011 8304 2887 2829 
variation10100 4912 2793 2824 
variation10101 5016 2024 2014 
variation10110 9040 3839 3787 
variation10111 8476 3020 2943 
variation11000 4180 2589 2609 
variation11001 4008 1790 1788 
variation11010 7432 3669 3576 
variation11011 7516 2557 2416 
variation11100 4412 2653 2681 
variation11101 4044 1754 1769 
variation11110 7356 3547 3428 
variation11111 7472 2472 2454 
