variation0000000000 204 222 221 
variation0000000001 2864 501 440 
variation0000000010 960 312 311 
variation0000000011 3492 896 848 
variation0000000100 4796 966 867 
variation0000000101 7432 1934 1739 
variation0000000110 5460 1466 1321 
variation0000000111 8004 2067 1925 
variation0000001000 600 285 293 
variation0000001001 3124 785 704 
variation0000001010 916 323 319 
variation0000001011 3380 793 765 
variation0000001100 5460 1266 1167 
variation0000001101 7676 1924 1715 
variation0000001110 5296 1366 1276 
variation0000001111 7456 1915 1800 
variation0000010000 308 226 233 
variation0000010001 3016 789 685 
variation0000010010 864 365 406 
variation0000010011 3656 1014 945 
variation0000010100 5028 1004 932 
variation0000010101 7204 1821 1611 
variation0000010110 5504 1600 1513 
variation0000010111 8204 2278 2023 
variation0000011000 612 311 306 
variation0000011001 2888 726 664 
variation0000011010 900 366 351 
variation0000011011 3376 837 748 
variation0000011100 5236 1319 1200 
variation0000011101 7180 1870 1657 
variation0000011110 5528 1414 1304 
variation0000011111 7712 2064 1869 
variation0000100000 9144 1141 1072 
variation0000100001 11760 1289 1305 
variation0000100010 9992 1412 1259 
variation0000100011 12160 1663 1507 
variation0000100100 13144 1805 1678 
variation0000100101 16224 2023 1922 
variation0000100110 14024 2027 1918 
variation0000100111 16404 2260 2013 
variation0000101000 9756 1202 1073 
variation0000101001 12304 1509 1341 
variation0000101010 10636 1436 1220 
variation0000101011 12320 1564 1335 
variation0000101100 13808 1851 1722 
variation0000101101 15824 1992 1861 
variation0000101110 14476 1939 1837 
variation0000101111 16112 2070 2013 
variation0000110000 9796 1120 995 
variation0000110001 11956 1433 1336 
variation0000110010 10708 1375 1260 
variation0000110011 12544 1513 1404 
variation0000110100 13052 1717 1493 
variation0000110101 15592 2054 1918 
variation0000110110 13920 2041 1983 
variation0000110111 17080 2200 2035 
variation0000111000 9820 1289 1101 
variation0000111001 11688 1458 1298 
variation0000111010 9980 1362 1249 
variation0000111011 11940 1506 1339 
variation0000111100 13752 1880 1684 
variation0000111101 15732 2042 1950 
variation0000111110 13768 1998 1865 
variation0000111111 16960 2126 2014 
variation0001000000 1428 276 262 
variation0001000001 1588 378 377 
variation0001000010 2020 599 560 
variation0001000011 2244 794 756 
variation0001000100 5952 1255 1108 
variation0001000101 5964 1502 1337 
variation0001000110 6500 1894 1773 
variation0001000111 6484 2102 1960 
variation0001001000 1724 468 448 
variation0001001001 1640 512 498 
variation0001001010 2112 573 574 
variation0001001011 1988 628 581 
variation0001001100 6380 1646 1501 
variation0001001101 6064 1632 1415 
variation0001001110 6536 1893 1711 
variation0001001111 6412 1888 1638 
variation0001010000 1416 432 417 
variation0001010001 1604 557 554 
variation0001010010 2040 611 582 
variation0001010011 2172 806 780 
variation0001010100 5816 1356 1185 
variation0001010101 5960 1639 1464 
variation0001010110 6604 2069 1917 
variation0001010111 6604 2150 1981 
variation0001011000 1856 504 478 
variation0001011001 1616 562 574 
variation0001011010 2196 605 568 
variation0001011011 2000 652 606 
variation0001011100 6300 2039 1890 
variation0001011101 6156 1831 1674 
variation0001011110 6492 1944 1854 
variation0001011111 6152 1713 1581 
variation0001100000 10744 1130 1046 
variation0001100001 10788 1438 1227 
variation0001100010 11260 1408 1263 
variation0001100011 11212 1536 1389 
variation0001100100 14116 1838 1683 
variation0001100101 14200 2012 1887 
variation0001100110 15256 2069 1968 
variation0001100111 15496 2285 2061 
variation0001101000 11328 1284 1131 
variation0001101001 10624 1347 1244 
variation0001101010 10900 1430 1306 
variation0001101011 10916 1544 1322 
variation0001101100 14840 1926 1803 
variation0001101101 14460 2091 1876 
variation0001101110 15528 2096 1892 
variation0001101111 14448 2050 1966 
variation0001110000 11064 1258 1040 
variation0001110001 10684 1442 1212 
variation0001110010 11484 1437 1263 
variation0001110011 11424 1606 1441 
variation0001110100 14452 1859 1632 
variation0001110101 14540 2031 1885 
variation0001110110 15288 2062 2032 
variation0001110111 15052 2213 2024 
variation0001111000 10712 1337 1184 
variation0001111001 10792 1352 1254 
variation0001111010 11268 1411 1258 
variation0001111011 10828 1467 1358 
variation0001111100 14832 2031 1833 
variation0001111101 14684 2079 1934 
variation0001111110 15752 2121 2023 
variation0001111111 15868 2164 2097 
variation0010000000 4116 779 781 
variation0010000001 6428 1559 1401 
variation0010000010 4624 1203 1117 
variation0010000011 7000 1900 1716 
variation0010000100 7988 1743 1614 
variation0010000101 10332 2972 2536 
variation0010000110 8548 2618 2142 
variation0010000111 11324 3410 2820 
variation0010001000 4220 999 988 
variation0010001001 6320 1628 1495 
variation0010001010 4604 1209 1019 
variation0010001011 7048 1757 1624 
variation0010001100 8204 2276 1999 
variation0010001101 10440 2771 2386 
variation0010001110 8844 2531 2385 
variation0010001111 11224 3234 2758 
variation0010010000 4252 796 779 
variation0010010001 6412 1549 1492 
variation0010010010 4620 1190 1052 
variation0010010011 7028 1955 1813 
variation0010010100 8028 1901 1718 
variation0010010101 10320 2955 2509 
variation0010010110 8824 2541 2216 
variation0010010111 11712 3482 2934 
variation0010011000 4364 1098 1009 
variation0010011001 6608 1742 1577 
variation0010011010 4416 1191 1107 
variation0010011011 7104 1761 1574 
variation0010011100 8296 2547 2240 
variation0010011101 11064 3120 2753 
variation0010011110 9604 2386 2117 
variation0010011111 11084 3067 2602 
variation0010100000 13032 1690 1505 
variation0010100001 15936 1847 1699 
variation0010100010 13176 1884 1709 
variation0010100011 15316 2105 1917 
variation0010100100 16376 2149 1882 
variation0010100101 19024 2368 2146 
variation0010100110 16836 2432 2196 
variation0010100111 19860 2629 2252 
variation0010101000 13252 1702 1500 
variation0010101001 15440 1913 1759 
variation0010101010 13692 1911 1800 
variation0010101011 15900 1984 1858 
variation0010101100 16900 2315 2048 
variation0010101101 18500 2451 2199 
variation0010101110 17288 2457 2155 
variation0010101111 19520 2508 2259 
variation0010110000 12592 1687 1522 
variation0010110001 14996 1892 1765 
variation0010110010 13520 1887 1825 
variation0010110011 15708 2101 1922 
variation0010110100 16520 2134 1916 
variation0010110101 18912 2445 2195 
variation0010110110 17944 2354 2205 
variation0010110111 20744 2550 2317 
variation0010111000 13632 1672 1525 
variation0010111001 15128 1929 1764 
variation0010111010 13268 1886 1776 
variation0010111011 15268 2030 1835 
variation0010111100 16612 2331 2089 
variation0010111101 19060 2470 2257 
variation0010111110 17852 2361 2139 
variation0010111111 18864 2571 2205 
variation0011000000 4888 1009 900 
variation0011000001 5124 1346 1171 
variation0011000010 5460 1409 1340 
variation0011000011 5696 1632 1439 
variation0011000100 8868 2116 1897 
variation0011000101 8972 2642 2257 
variation0011000110 9536 2708 2396 
variation0011000111 9580 2947 2551 
variation0011001000 5320 1357 1278 
variation0011001001 5296 1367 1288 
variation0011001010 5756 1468 1343 
variation0011001011 5376 1348 1268 
variation0011001100 9432 2740 2490 
variation0011001101 9368 2644 2280 
variation0011001110 9800 2728 2379 
variation0011001111 9404 2633 2224 
variation0011010000 5436 1022 942 
variation0011010001 5212 1355 1218 
variation0011010010 5580 1522 1386 
variation0011010011 5716 1597 1519 
variation0011010100 8888 2166 1845 
variation0011010101 8908 2388 2017 
variation0011010110 9904 2820 2491 
variation0011010111 9920 2840 2462 
variation0011011000 5156 1392 1268 
variation0011011001 5372 1462 1292 
variation0011011010 5892 1516 1374 
variation0011011011 5716 1365 1192 
variation0011011100 9344 2819 2501 
variation0011011101 9076 2637 2372 
variation0011011110 9792 2650 2362 
variation0011011111 9416 2584 2237 
variation0011100000 13592 1649 1481 
variation0011100001 13632 1897 1701 
variation0011100010 14528 1908 1716 
variation0011100011 14228 2104 1904 
variation0011100100 17204 2175 1898 
variation0011100101 17188 2432 2054 
variation0011100110 17992 2427 2112 
variation0011100111 17980 2594 2242 
variation0011101000 14664 1773 1606 
variation0011101001 13564 1765 1647 
variation0011101010 13780 1905 1745 
variation0011101011 13872 1936 1768 
variation0011101100 18236 2220 2037 
variation0011101101 18192 2391 2104 
variation0011101110 17904 2451 2109 
variation0011101111 18364 2450 2210 
variation0011110000 14564 1668 1540 
variation0011110001 13520 1788 1636 
variation0011110010 14300 2091 1840 
variation0011110011 15132 2131 1915 
variation0011110100 17352 2112 1988 
variation0011110101 17180 2386 2129 
variation0011110110 18320 2523 2315 
variation0011110111 18764 2563 2282 
variation0011111000 13836 1788 1614 
variation0011111001 13844 1895 1742 
variation0011111010 14652 2028 1770 
variation0011111011 13528 2028 1860 
variation0011111100 17868 2268 2081 
variation0011111101 17940 2385 2102 
variation0011111110 18624 2471 2166 
variation0011111111 18164 2466 2192 
variation0100000000 14592 4055 3374 
variation0100000001 15048 4241 3607 
variation0100000010 13252 3920 3222 
variation0100000011 15056 4232 3394 
variation0100000100 12160 3040 2484 
variation0100000101 13376 4092 3428 
variation0100000110 11516 3145 2693 
variation0100000111 12992 3721 2746 
variation0100001000 14624 4238 3532 
variation0100001001 15120 4475 3902 
variation0100001010 13188 3219 2595 
variation0100001011 14176 3281 3042 
variation0100001100 12428 3727 3044 
variation0100001101 12972 4007 3138 
variation0100001110 12316 3340 2633 
variation0100001111 12576 2803 2436 
variation0100010000 13592 3608 2970 
variation0100010001 15048 3627 3077 
variation0100010010 13656 3404 2750 
variation0100010011 14980 3914 3161 
variation0100010100 11964 3709 3081 
variation0100010101 13532 4204 3289 
variation0100010110 11804 3362 2739 
variation0100010111 13120 3716 2927 
variation0100011000 13888 4186 3437 
variation0100011001 15336 4531 3711 
variation0100011010 13156 3489 2893 
variation0100011011 14684 3198 2974 
variation0100011100 12100 3298 2702 
variation0100011101 13220 4220 3641 
variation0100011110 11508 3540 2948 
variation0100011111 12868 2890 2483 
variation0100100000 8892 1158 1087 
variation0100100001 9808 1195 1127 
variation0100100010 8688 1032 971 
variation0100100011 9132 983 880 
variation0100100100 5472 740 676 
variation0100100101 6048 736 691 
variation0100100110 5360 700 636 
variation0100100111 5256 673 639 
variation0100101000 9408 1244 1153 
variation0100101001 9628 1264 968 
variation0100101010 8596 1009 949 
variation0100101011 8964 1036 778 
variation0100101100 6492 846 872 
variation0100101101 6272 744 691 
variation0100101110 5144 689 622 
variation0100101111 5496 572 517 
variation0100110000 9080 1175 1113 
variation0100110001 9476 1238 1134 
variation0100110010 8512 1018 945 
variation0100110011 9156 980 881 
variation0100110100 5392 731 668 
variation0100110101 6008 727 671 
variation0100110110 5204 680 636 
variation0100110111 5212 677 611 
variation0100111000 9392 1283 1186 
variation0100111001 9656 1149 1000 
variation0100111010 8880 1015 935 
variation0100111011 8632 893 776 
variation0100111100 6016 816 739 
variation0100111101 6268 716 662 
variation0100111110 5248 708 638 
variation0100111111 5244 539 506 
variation0101000000 14888 4611 4015 
variation0101000001 13920 3949 3193 
variation0101000010 13976 4316 3375 
variation0101000011 13436 3749 3222 
variation0101000100 12788 3776 3146 
variation0101000101 11980 3610 2962 
variation0101000110 12928 3532 2917 
variation0101000111 11512 3477 2781 
variation0101001000 15720 4866 4030 
variation0101001001 14104 4141 3544 
variation0101001010 14604 4403 3692 
variation0101001011 12824 2890 2597 
variation0101001100 14156 4013 3175 
variation0101001101 12580 3793 2897 
variation0101001110 12644 3767 2954 
variation0101001111 11464 2811 2441 
variation0101010000 14852 4370 3554 
variation0101010001 13900 3936 3264 
variation0101010010 14476 4108 3425 
variation0101010011 13388 3734 3116 
variation0101010100 13248 4038 3218 
variation0101010101 11820 3612 2921 
variation0101010110 12748 3891 3139 
variation0101010111 11300 3449 2775 
variation0101011000 14880 4589 3709 
variation0101011001 14236 3972 3294 
variation0101011010 14128 4092 3573 
variation0101011011 12976 2968 2906 
variation0101011100 13120 3890 3402 
variation0101011101 11924 3985 3210 
variation0101011110 12672 3681 3027 
variation0101011111 11184 2541 2544 
variation0101100000 10324 1227 1090 
variation0101100001 8360 1108 928 
variation0101100010 9156 1071 1091 
variation0101100011 7956 926 820 
variation0101100100 6492 772 695 
variation0101100101 4488 690 623 
variation0101100110 6048 751 669 
variation0101100111 4148 589 558 
variation0101101000 10216 1335 1320 
variation0101101001 8204 1088 931 
variation0101101010 9568 1081 972 
variation0101101011 7604 817 738 
variation0101101100 6708 823 774 
variation0101101101 4692 695 622 
variation0101101110 5948 812 661 
variation0101101111 3840 496 470 
variation0101110000 9944 1179 1103 
variation0101110001 8500 1053 950 
variation0101110010 9856 1036 1004 
variation0101110011 7752 962 935 
variation0101110100 6612 767 709 
variation0101110101 4924 676 598 
variation0101110110 6156 708 651 
variation0101110111 4180 571 546 
variation0101111000 10368 1250 1110 
variation0101111001 8712 1092 948 
variation0101111010 9332 1053 978 
variation0101111011 7464 815 694 
variation0101111100 6832 820 777 
variation0101111101 4548 661 616 
variation0101111110 6064 660 629 
variation0101111111 3996 480 460 
variation0110000000 12020 3959 3069 
variation0110000001 13232 4175 3517 
variation0110000010 11740 3529 3030 
variation0110000011 13012 4070 3141 
variation0110000100 10188 2872 2554 
variation0110000101 11744 3715 3008 
variation0110000110 9764 2898 2504 
variation0110000111 11068 2977 2571 
variation0110001000 12820 3451 2730 
variation0110001001 13496 4068 3161 
variation0110001010 11980 3424 2679 
variation0110001011 12752 3243 2712 
variation0110001100 10632 2805 2364 
variation0110001101 11508 3438 2818 
variation0110001110 10024 2978 2271 
variation0110001111 10784 2780 2262 
variation0110010000 12068 3808 3069 
variation0110010001 13296 3875 3071 
variation0110010010 11788 3617 2884 
variation0110010011 13172 3779 3054 
variation0110010100 10236 3205 2601 
variation0110010101 11816 3546 2620 
variation0110010110 9532 2808 2350 
variation0110010111 11144 2886 2454 
variation0110011000 12412 3963 3237 
variation0110011001 13792 3920 3509 
variation0110011010 11788 3213 2453 
variation0110011011 13104 2961 2601 
variation0110011100 10628 2883 2363 
variation0110011101 11620 3623 3031 
variation0110011110 10056 2647 2209 
variation0110011111 11140 2562 2395 
variation0110100000 6104 877 784 
variation0110100001 6672 837 753 
variation0110100010 5508 751 675 
variation0110100011 6224 776 683 
variation0110100100 2176 445 431 
variation0110100101 2744 481 474 
variation0110100110 1668 405 366 
variation0110100111 2160 387 387 
variation0110101000 6296 897 844 
variation0110101001 6748 815 736 
variation0110101010 5660 690 664 
variation0110101011 6012 684 633 
variation0110101100 2532 554 531 
variation0110101101 2720 470 467 
variation0110101110 1588 392 383 
variation0110101111 1780 321 311 
variation0110110000 5996 806 767 
variation0110110001 6976 951 892 
variation0110110010 5572 669 630 
variation0110110011 6328 721 638 
variation0110110100 2172 444 442 
variation0110110101 2688 435 428 
variation0110110110 1660 374 366 
variation0110110111 2072 374 364 
variation0110111000 6436 915 835 
variation0110111001 6516 819 753 
variation0110111010 5912 684 647 
variation0110111011 5764 686 608 
variation0110111100 2416 551 491 
variation0110111101 2760 460 455 
variation0110111110 1608 368 366 
variation0110111111 1788 312 290 
variation0111000000 13036 3929 3224 
variation0111000001 12224 3510 2847 
variation0111000010 12420 3777 3136 
variation0111000011 11492 2932 2485 
variation0111000100 10908 3065 2678 
variation0111000101 10124 3051 2517 
variation0111000110 11164 3015 2600 
variation0111000111 9636 2605 2019 
variation0111001000 13452 4333 3567 
variation0111001001 12020 3866 3201 
variation0111001010 12360 3545 3014 
variation0111001011 11196 2700 1868 
variation0111001100 11772 3050 2658 
variation0111001101 10464 2962 2583 
variation0111001110 10772 3000 2597 
variation0111001111 9788 2205 1817 
variation0111010000 13264 3654 3038 
variation0111010001 12140 3676 2864 
variation0111010010 12968 3447 2734 
variation0111010011 11724 3296 2545 
variation0111010100 10856 3154 2672 
variation0111010101 10024 3237 2536 
variation0111010110 10780 3241 2631 
variation0111010111 9868 2572 2167 
variation0111011000 12896 3671 2882 
variation0111011001 11880 3730 3037 
variation0111011010 12764 3470 2913 
variation0111011011 11040 2527 2335 
variation0111011100 11684 3591 2956 
variation0111011101 10208 2712 2302 
variation0111011110 10768 2642 2141 
variation0111011111 9744 1967 1799 
variation0111100000 7040 811 760 
variation0111100001 5348 755 671 
variation0111100010 6464 744 615 
variation0111100011 5064 612 558 
variation0111100100 3024 456 443 
variation0111100101 1172 357 342 
variation0111100110 2572 378 367 
variation0111100111 724 289 287 
variation0111101000 7412 931 857 
variation0111101001 5216 754 647 
variation0111101010 6512 695 649 
variation0111101011 4508 587 527 
variation0111101100 3436 509 510 
variation0111101101 1184 346 355 
variation0111101110 2556 410 387 
variation0111101111 372 230 231 
variation0111110000 7116 794 753 
variation0111110001 5708 721 659 
variation0111110010 6884 685 631 
variation0111110011 4892 606 546 
variation0111110100 3296 468 453 
variation0111110101 1208 394 360 
variation0111110110 2660 384 370 
variation0111110111 708 288 288 
variation0111111000 7228 923 839 
variation0111111001 5448 777 685 
variation0111111010 6964 692 655 
variation0111111011 4476 597 534 
variation0111111100 3672 505 495 
variation0111111101 1132 339 354 
variation0111111110 2592 378 362 
variation0111111111 344 221 231 
variation1000000000 364 285 296 
variation1000000001 2940 823 744 
variation1000000010 1016 432 432 
variation1000000011 3704 1060 985 
variation1000000100 4932 1134 999 
variation1000000101 7224 2115 1836 
variation1000000110 5480 1564 1468 
variation1000000111 7956 2279 2022 
variation1000001000 744 371 357 
variation1000001001 3124 856 800 
variation1000001010 968 454 433 
variation1000001011 3436 931 941 
variation1000001100 5000 1373 1266 
variation1000001101 7112 1899 1805 
variation1000001110 5612 1538 1440 
variation1000001111 7468 2110 1961 
variation1000010000 584 293 289 
variation1000010001 2996 832 791 
variation1000010010 1008 461 472 
variation1000010011 3608 1046 1035 
variation1000010100 4736 923 853 
variation1000010101 7100 2004 1821 
variation1000010110 5496 1573 1401 
variation1000010111 7776 2347 2197 
variation1000011000 768 382 395 
variation1000011001 3004 880 810 
variation1000011010 1128 475 461 
variation1000011011 3348 947 929 
variation1000011100 5272 1367 1324 
variation1000011101 6968 2129 1851 
variation1000011110 5476 1557 1434 
variation1000011111 7548 2197 1959 
variation1000100000 9348 1116 1059 
variation1000100001 12388 1341 1253 
variation1000100010 10268 1374 1241 
variation1000100011 12640 1535 1427 
variation1000100100 14040 1720 1682 
variation1000100101 16364 2055 1903 
variation1000100110 13744 1984 1923 
variation1000100111 16592 2205 2079 
variation1000101000 10144 1250 1185 
variation1000101001 12120 1354 1339 
variation1000101010 9972 1362 1289 
variation1000101011 12104 1638 1489 
variation1000101100 13416 1782 1654 
variation1000101101 15376 1959 1873 
variation1000101110 13888 1995 1883 
variation1000101111 15596 2097 1932 
variation1000110000 9452 1131 1055 
variation1000110001 12060 1390 1259 
variation1000110010 10144 1401 1265 
variation1000110011 13448 1718 1580 
variation1000110100 12992 1758 1583 
variation1000110101 15180 1996 2002 
variation1000110110 13732 2026 1850 
variation1000110111 16900 2131 2014 
variation1000111000 9676 1250 1159 
variation1000111001 11712 1484 1230 
variation1000111010 10504 1413 1243 
variation1000111011 11820 1554 1421 
variation1000111100 13600 1950 1681 
variation1000111101 15632 2157 1865 
variation1000111110 14668 1995 1873 
variation1000111111 15836 2126 2045 
variation1001000000 1532 455 443 
variation1001000001 1752 641 655 
variation1001000010 2376 700 664 
variation1001000011 2264 953 896 
variation1001000100 5836 1317 1175 
variation1001000101 5956 1650 1460 
variation1001000110 6672 1813 1663 
variation1001000111 6392 2064 1955 
variation1001001000 1884 604 583 
variation1001001001 1696 648 617 
variation1001001010 2280 720 658 
variation1001001011 2128 724 745 
variation1001001100 6240 1734 1545 
variation1001001101 6144 1594 1441 
variation1001001110 6488 1891 1725 
variation1001001111 6136 1776 1609 
variation1001010000 1632 523 512 
variation1001010001 1720 627 644 
variation1001010010 2420 785 750 
variation1001010011 2432 918 894 
variation1001010100 5724 1503 1378 
variation1001010101 5796 1676 1512 
variation1001010110 6800 2054 1791 
variation1001010111 6772 2013 1871 
variation1001011000 1920 723 669 
variation1001011001 1748 644 641 
variation1001011010 2296 716 692 
variation1001011011 2260 731 719 
variation1001011100 6148 2006 1792 
variation1001011101 5760 1803 1716 
variation1001011110 6616 1765 1711 
variation1001011111 6284 1808 1619 
variation1001100000 10496 1234 1083 
variation1001100001 10820 1460 1246 
variation1001100010 12068 1548 1389 
variation1001100011 11456 1663 1526 
variation1001100100 14512 1803 1677 
variation1001100101 14352 1988 1909 
variation1001100110 15600 2047 1945 
variation1001100111 15204 2236 2142 
variation1001101000 11400 1313 1217 
variation1001101001 10656 1512 1264 
variation1001101010 11576 1506 1289 
variation1001101011 10900 1541 1517 
variation1001101100 14788 1936 1877 
variation1001101101 14256 2018 1879 
variation1001101110 15724 2053 1963 
variation1001101111 14508 2173 1952 
variation1001110000 10864 1286 1125 
variation1001110001 11040 1482 1256 
variation1001110010 11444 1604 1341 
variation1001110011 11260 1669 1525 
variation1001110100 14516 1796 1674 
variation1001110101 14692 1953 1823 
variation1001110110 15024 2115 1959 
variation1001110111 15800 2238 2004 
variation1001111000 11148 1292 1162 
variation1001111001 10908 1371 1250 
variation1001111010 11368 1562 1257 
variation1001111011 10924 1491 1336 
variation1001111100 14540 1967 1863 
variation1001111101 14924 1988 1920 
variation1001111110 15820 2126 1974 
variation1001111111 15336 2202 2056 
variation1010000000 4176 960 853 
variation1010000001 6752 1829 1625 
variation1010000010 4692 1310 1264 
variation1010000011 7580 2047 1975 
variation1010000100 8080 1751 1661 
variation1010000101 10540 2972 2523 
variation1010000110 8716 2368 2137 
variation1010000111 10992 3253 2833 
variation1010001000 4368 1143 1164 
variation1010001001 6284 1771 1569 
variation1010001010 4460 1296 1220 
variation1010001011 6772 2007 1722 
variation1010001100 8192 2268 1931 
variation1010001101 10004 2917 2501 
variation1010001110 8820 2522 2331 
variation1010001111 10920 3205 2817 
variation1010010000 3956 932 869 
variation1010010001 6616 1794 1637 
variation1010010010 4592 1353 1232 
variation1010010011 7048 2069 1986 
variation1010010100 7872 1925 1757 
variation1010010101 10388 2561 2146 
variation1010010110 9064 2441 2200 
variation1010010111 11096 3231 2998 
variation1010011000 4196 1088 938 
variation1010011001 6408 1762 1643 
variation1010011010 4600 1249 1073 
variation1010011011 6800 1963 1665 
variation1010011100 8144 2324 1933 
variation1010011101 10332 2753 2280 
variation1010011110 8880 2522 2122 
variation1010011111 10860 3201 2791 
variation1010100000 12760 1636 1490 
variation1010100001 14856 1901 1726 
variation1010100010 13112 1889 1720 
variation1010100011 15932 2115 1994 
variation1010100100 16200 2120 1903 
variation1010100101 18536 2294 2117 
variation1010100110 18232 2332 2178 
variation1010100111 19380 2565 2326 
variation1010101000 13076 1784 1684 
variation1010101001 15484 1924 1786 
variation1010101010 13436 1921 1808 
variation1010101011 15496 2097 1920 
variation1010101100 17192 2231 1865 
variation1010101101 19432 2339 2197 
variation1010101110 16692 2291 2119 
variation1010101111 19928 2591 2228 
variation1010110000 12820 1742 1569 
variation1010110001 15356 1985 1947 
variation1010110010 14288 1987 1852 
variation1010110011 16760 2272 2057 
variation1010110100 16284 2271 1974 
variation1010110101 18392 2553 2197 
variation1010110110 17752 2370 2198 
variation1010110111 19448 2589 2264 
variation1010111000 12884 1786 1622 
variation1010111001 14480 1936 1753 
variation1010111010 13404 1933 1800 
variation1010111011 15524 2060 1881 
variation1010111100 16896 2305 2127 
variation1010111101 18604 2424 2255 
variation1010111110 17288 2304 2170 
variation1010111111 18728 2619 2376 
variation1011000000 4916 1057 976 
variation1011000001 5124 1299 1170 
variation1011000010 5616 1497 1332 
variation1011000011 5744 1588 1540 
variation1011000100 9208 1909 1722 
variation1011000101 8928 2487 2116 
variation1011000110 9612 2543 2288 
variation1011000111 9532 2934 2544 
variation1011001000 5116 1443 1307 
variation1011001001 5352 1345 1198 
variation1011001010 5580 1479 1345 
variation1011001011 5612 1360 1303 
variation1011001100 8976 2594 2255 
variation1011001101 9016 2452 2146 
variation1011001110 9604 2621 2266 
variation1011001111 9476 2496 2214 
variation1011010000 4992 1040 959 
variation1011010001 5244 1321 1223 
variation1011010010 6016 1539 1369 
variation1011010011 5900 1522 1497 
variation1011010100 8936 2112 1935 
variation1011010101 9016 2420 2067 
variation1011010110 9464 2889 2497 
variation1011010111 9504 2787 2389 
variation1011011000 5320 1428 1311 
variation1011011001 5156 1505 1305 
variation1011011010 5492 1533 1351 
variation1011011011 5660 1397 1266 
variation1011011100 9500 2722 2348 
variation1011011101 8916 2765 2316 
variation1011011110 9816 2531 2239 
variation1011011111 9332 2508 2159 
variation1011100000 13908 1673 1542 
variation1011100001 14072 1927 1716 
variation1011100010 14680 1965 1797 
variation1011100011 15460 2183 1928 
variation1011100100 17308 2176 1868 
variation1011100101 18004 2430 2124 
variation1011100110 18448 2463 2177 
variation1011100111 19080 2512 2237 
variation1011101000 14120 1757 1592 
variation1011101001 13248 1904 1744 
variation1011101010 14140 1911 1784 
variation1011101011 13860 2082 1909 
variation1011101100 17884 2289 2067 
variation1011101101 17620 2304 2122 
variation1011101110 17636 2385 2097 
variation1011101111 17320 2497 2212 
variation1011110000 13808 1721 1543 
variation1011110001 13788 1822 1699 
variation1011110010 14684 2056 1909 
variation1011110011 14288 2128 2001 
variation1011110100 17116 2137 1884 
variation1011110101 19028 2251 2136 
variation1011110110 17772 2343 2143 
variation1011110111 18404 2631 2251 
variation1011111000 14712 1925 1738 
variation1011111001 13884 2028 1818 
variation1011111010 14852 1995 1888 
variation1011111011 13920 2036 1888 
variation1011111100 17840 2402 2124 
variation1011111101 17552 2387 2141 
variation1011111110 17712 2401 2210 
variation1011111111 17460 2410 2198 
variation1100000000 13964 4189 3707 
variation1100000001 14992 4606 4007 
variation1100000010 13376 3904 3353 
variation1100000011 16428 4086 3357 
variation1100000100 11808 3498 2807 
variation1100000101 13392 4070 3495 
variation1100000110 11248 3298 2699 
variation1100000111 12692 3648 2904 
variation1100001000 14424 4328 3549 
variation1100001001 15352 3997 4201 
variation1100001010 13964 3327 2722 
variation1100001011 14368 3092 2843 
variation1100001100 11916 3827 3139 
variation1100001101 13016 3699 3015 
variation1100001110 11560 3742 2745 
variation1100001111 12616 2959 2585 
variation1100010000 13728 4092 3338 
variation1100010001 15236 4064 3402 
variation1100010010 13892 4137 3410 
variation1100010011 15268 4071 3403 
variation1100010100 12608 3054 2418 
variation1100010101 13300 4147 3418 
variation1100010110 11728 3215 2781 
variation1100010111 13076 3638 3029 
variation1100011000 14552 3972 3622 
variation1100011001 15692 4781 4012 
variation1100011010 13364 3631 3230 
variation1100011011 14772 3379 3183 
variation1100011100 12276 3618 2963 
variation1100011101 13408 3780 2881 
variation1100011110 11244 2899 2334 
variation1100011111 12440 2881 2444 
variation1100100000 8872 1172 1117 
variation1100100001 9668 1233 1104 
variation1100100010 8420 1016 936 
variation1100100011 9240 1096 921 
variation1100100100 5356 753 707 
variation1100100101 5760 714 663 
variation1100100110 5068 648 602 
variation1100100111 5952 658 641 
variation1100101000 9160 1413 1231 
variation1100101001 9944 1362 1176 
variation1100101010 8912 1094 1004 
variation1100101011 8848 1030 779 
variation1100101100 5568 771 703 
variation1100101101 5640 716 670 
variation1100101110 5128 642 594 
variation1100101111 5320 541 481 
variation1100110000 9012 1249 1115 
variation1100110001 9564 1181 1100 
variation1100110010 8432 1065 963 
variation1100110011 9244 973 870 
variation1100110100 5412 730 649 
variation1100110101 5700 729 674 
variation1100110110 4916 658 588 
variation1100110111 5348 647 614 
variation1100111000 9516 1277 1171 
variation1100111001 9856 1244 1027 
variation1100111010 8976 1143 993 
variation1100111011 9284 855 758 
variation1100111100 5552 778 717 
variation1100111101 5740 764 649 
variation1100111110 5108 641 593 
variation1100111111 4888 522 499 
variation1101000000 14524 4365 3700 
variation1101000001 14004 4239 3617 
variation1101000010 14512 4161 3427 
variation1101000011 13684 3681 3172 
variation1101000100 13080 3682 3070 
variation1101000101 11880 3799 2996 
variation1101000110 12268 3878 3068 
variation1101000111 11680 3361 2812 
variation1101001000 15484 4547 3972 
variation1101001001 14004 4272 3674 
variation1101001010 14680 4342 3768 
variation1101001011 13904 2998 2708 
variation1101001100 13260 4276 3517 
variation1101001101 11780 3838 3133 
variation1101001110 12640 4057 3315 
variation1101001111 11084 2810 2290 
variation1101010000 14808 4376 3660 
variation1101010001 15544 4033 3501 
variation1101010010 14308 4184 3583 
variation1101010011 13580 4037 3331 
variation1101010100 12812 3720 3085 
variation1101010101 11624 3740 3062 
variation1101010110 12268 3624 2971 
variation1101010111 11440 3391 2843 
variation1101011000 14908 4812 4070 
variation1101011001 14040 4183 3555 
variation1101011010 14632 4551 3912 
variation1101011011 12944 3088 2795 
variation1101011100 14732 4308 3432 
variation1101011101 11728 3476 2806 
variation1101011110 12188 3768 2981 
variation1101011111 10960 2536 2251 
variation1101100000 9828 1235 1132 
variation1101100001 8300 1070 998 
variation1101100010 9460 1090 1139 
variation1101100011 8252 937 823 
variation1101100100 6364 763 711 
variation1101100101 4368 663 605 
variation1101100110 6028 708 654 
variation1101100111 3968 586 542 
variation1101101000 10664 1444 1254 
variation1101101001 8256 1062 973 
variation1101101010 9716 1109 1127 
variation1101101011 7516 845 718 
variation1101101100 6944 830 790 
variation1101101101 4524 683 632 
variation1101101110 5892 713 621 
variation1101101111 3788 535 454 
variation1101110000 10680 1187 1107 
variation1101110001 8260 1065 949 
variation1101110010 9380 1018 1056 
variation1101110011 8256 899 837 
variation1101110100 6460 785 700 
variation1101110101 4664 648 608 
variation1101110110 6036 699 637 
variation1101110111 4072 658 602 
variation1101111000 10732 1278 1200 
variation1101111001 8316 1141 1069 
variation1101111010 9200 1083 983 
variation1101111011 8036 850 705 
variation1101111100 6332 829 748 
variation1101111101 4308 651 602 
variation1101111110 5804 693 648 
variation1101111111 3832 484 448 
variation1110000000 12116 3166 2496 
variation1110000001 13372 3954 3087 
variation1110000010 11924 3607 2918 
variation1110000011 12832 3714 3140 
variation1110000100 10236 2853 2351 
variation1110000101 11656 3040 2532 
variation1110000110 9744 2851 2366 
variation1110000111 10912 2996 2511 
variation1110001000 12976 3262 2585 
variation1110001001 13396 4008 3268 
variation1110001010 12708 3395 2811 
variation1110001011 13016 3237 2716 
variation1110001100 10404 2723 2400 
variation1110001101 11688 3442 2674 
variation1110001110 10296 2429 1910 
variation1110001111 11032 2574 2155 
variation1110010000 12044 3862 3174 
variation1110010001 13288 4261 3474 
variation1110010010 11740 3537 2975 
variation1110010011 12980 3858 3125 
variation1110010100 10096 2929 2467 
variation1110010101 11852 3136 2693 
variation1110010110 9968 2919 2242 
variation1110010111 11460 3248 2750 
variation1110011000 12508 4003 3263 
variation1110011001 13584 3885 3168 
variation1110011010 11908 3124 2466 
variation1110011011 13076 3073 2811 
variation1110011100 10200 2686 2325 
variation1110011101 11620 2974 2663 
variation1110011110 9736 2668 2282 
variation1110011111 10612 2291 2090 
variation1110100000 6092 803 796 
variation1110100001 6736 852 756 
variation1110100010 5600 703 687 
variation1110100011 6528 798 722 
variation1110100100 2100 429 426 
variation1110100101 2624 442 435 
variation1110100110 1544 373 339 
variation1110100111 2140 348 338 
variation1110101000 6488 955 924 
variation1110101001 6820 959 909 
variation1110101010 5812 720 700 
variation1110101011 6224 694 655 
variation1110101100 2316 513 476 
variation1110101101 2592 431 427 
variation1110101110 1616 362 350 
variation1110101111 1756 303 310 
variation1110110000 6028 862 750 
variation1110110001 6828 806 710 
variation1110110010 5568 751 629 
variation1110110011 6228 773 723 
variation1110110100 2132 434 423 
variation1110110101 2616 399 405 
variation1110110110 1524 362 339 
variation1110110111 2040 334 323 
variation1110111000 6196 990 832 
variation1110111001 6680 787 700 
variation1110111010 5772 748 691 
variation1110111011 6144 806 751 
variation1110111100 2484 498 476 
variation1110111101 2668 417 398 
variation1110111110 1472 362 337 
variation1110111111 1680 290 287 
variation1111000000 12936 3710 2619 
variation1111000001 12356 3192 2657 
variation1111000010 12548 3473 2823 
variation1111000011 11640 3260 2542 
variation1111000100 10908 3115 2615 
variation1111000101 9980 2939 2440 
variation1111000110 10536 2776 2354 
variation1111000111 9832 2509 2064 
variation1111001000 14888 3866 3293 
variation1111001001 12468 3011 2638 
variation1111001010 12716 3368 2590 
variation1111001011 11244 3020 2278 
variation1111001100 11496 3505 2983 
variation1111001101 10084 2995 2502 
variation1111001110 11128 3073 2659 
variation1111001111 9960 2120 1854 
variation1111010000 13100 3648 3187 
variation1111010001 12172 3129 2454 
variation1111010010 12920 3669 2975 
variation1111010011 11592 3095 2358 
variation1111010100 11164 2656 2441 
variation1111010101 10008 2792 2246 
variation1111010110 10716 2772 2236 
variation1111010111 9636 2379 1903 
variation1111011000 13260 3264 2822 
variation1111011001 12500 2956 2602 
variation1111011010 12588 3166 3184 
variation1111011011 12080 2455 2195 
variation1111011100 11900 3348 2934 
variation1111011101 9940 3073 2563 
variation1111011110 10692 2618 2121 
variation1111011111 9364 2089 1833 
variation1111100000 7444 870 837 
variation1111100001 5712 821 755 
variation1111100010 6816 774 754 
variation1111100011 4948 717 654 
variation1111100100 3144 504 483 
variation1111100101 1192 420 423 
variation1111100110 2580 454 433 
variation1111100111 716 355 326 
variation1111101000 7692 996 845 
variation1111101001 5656 799 683 
variation1111101010 6936 792 754 
variation1111101011 4640 674 616 
variation1111101100 3520 549 585 
variation1111101101 1220 416 379 
variation1111101110 2684 476 370 
variation1111101111 360 295 297 
variation1111110000 7308 823 799 
variation1111110001 5660 806 744 
variation1111110010 6684 777 761 
variation1111110011 5172 690 637 
variation1111110100 3180 510 498 
variation1111110101 1052 377 369 
variation1111110110 2692 403 433 
variation1111110111 692 332 323 
variation1111111000 7504 877 800 
variation1111111001 5384 817 730 
variation1111111010 6708 807 750 
variation1111111011 4760 626 568 
variation1111111100 3236 563 536 
variation1111111101 1124 364 371 
variation1111111110 2736 427 376 
variation1111111111 376 252 283 
